0,7670453	64,72861	5,304318
4,543784	35,71947	2,074999
0,2728368	83,90073	4,258981
1,759206	83,19331	3,100815
1,507992	57,90709	2,831602
1,69989	71,01511	4,249694
6,990041	35,86332	4,395944
0,6015675	84,84583	1,064528
2,47979	38,62309	2,301028
0,6512371	47,44638	1,957581
2,040116	57,83459	4,396919
1,897272	71,01511	5,939888
1,521665	83,05874	1,155408
1,29797	58,78722	3,887308
3,555091	45,23024	4,59481
1,865215	72,07891	2,336162
1,09613	56,52629	5,0495
1,48566	80,43677	4,238352
1,273028	57,69463	3,028807
1,351558	83,19331	4,559138
0,5969546	47,70913	2,34905
0,6280839	47,06627	3,345665
0,8617741	65,48571	2,406921
0,7230542	69,541	5,304318
1,458987	47,80307	4,116737
0,7649735	64,28136	5,303228
4,585781	35,47958	2,05294
0,272634	83,45424	4,256556
1,748325	82,727	3,093507
1,479173	57,47576	2,82139
1,690352	70,60695	4,247438
6,95048	35,60342	4,26656
0,6016417	84,39268	1,080095
4,163297	38,31185	2,253393
0,8723218	47,06126	1,934138
2,025301	57,40566	4,371692
1,884918	70,60695	5,93874
1,514216	82,59193	1,1563
1,297591	58,35311	3,884147
3,603402	44,89759	4,516249
1,853432	71,6676	2,326726
1,027324	56,10188	5,040868
1,478629	79,97169	4,239717
1,266426	57,26434	3,02845
1,345888	82,727	4,557627
0,8169683	47,32525	2,339224
0,6784198	46,70118	3,316996
0,8589899	65,06094	2,402724
0,7211554	69,09019	5,303228
1,919467	47,42065	4,07228
0,7629107	63,83423	5,30214
4,639348	35,24102	2,031101
0,2724312	83,00778	4,254128
1,737586	82,26085	3,086314
1,469061	57,0456	2,810979
1,680933	70,19896	4,245213
6,922163	35,3461	4,14114
0,6017268	83,93951	1,095162
4,199623	38,00333	2,206453
0,9117274	46,67879	1,909673
2,010725	56,97813	4,346503
1,872747	70,19896	5,937589
1,506844	82,12531	1,157185
1,279537	57,91986	3,880061
3,652775	44,56808	4,438622
1,841816	71,25644	2,317403
1,004285	55,67934	5,03133
1,471667	79,50677	4,241083
1,257825	56,83533	3,027684
1,340265	82,26085	4,556149
0,8609176	46,94398	2,328668
0,7310343	46,33887	3,28712
0,8561698	64,63625	2,398559
0,7192644	68,63945	5,30214
1,981561	47,04086	4,027125
0,7608566	63,3872	5,301054
4,692231	35,00379	2,009437
0,2722293	82,56134	4,251704
1,726986	81,79486	3,079242
1,45812	56,61672	2,800309
1,671629	69,79115	4,243016
6,894909	35,0913	4,019608
0,6018101	83,4863	1,109765
4,23516	37,69753	2,160239
0,9524807	46,29902	1,884236
1,996355	56,5521	4,321304
1,860755	69,79115	5,936434
1,49955	81,65887	1,158066
1,261137	57,48756	3,874985
3,700686	44,24168	4,361982
1,830364	70,84544	2,308189
0,9786489	55,25877	5,02078
1,464775	79,04203	4,242446
1,247295	56,4077	3,026474
1,334691	81,79486	4,5547
0,9061784	46,56538	2,317391
0,7852423	45,97937	3,256086
0,8533642	64,21165	2,394429
0,717381	68,1888	5,301054
2,043014	46,66375	3,981324
0,7588111	62,94029	5,299967
4,744412	36,66042	3,50633
0,2720272	82,11494	4,249285
1,716523	81,32904	3,072285
1,446386	56,1892	2,789337
1,662437	69,38354	4,240848
6,868654	34,839	3,901892
0,6018823	83,03307	1,123933
4,269918	37,39446	2,114784
0,9944662	45,92201	1,857878
1,981871	56,12767	4,296057
1,848938	69,38354	5,935279
1,49233	81,1926	1,15894
1,24266	57,05629	3,868865
3,747147	43,91806	4,285996
1,819074	70,43461	2,299078
0,9504946	54,8403	5,009117
1,457951	78,57743	4,24381
1,234872	55,98156	3,024783
1,329164	81,32904	4,553284
0,9525964	46,18948	2,3054
0,8407955	45,62258	3,224076
0,8505732	63,78715	2,39033
0,7155053	67,73822	5,299967
2,077854	46,28936	3,93547
0,7567744	62,49349	5,298882
5,732388	36,38045	3,428701
0,2718253	81,66856	4,246869
1,706192	80,86338	3,06544
1,433901	55,76315	2,778008
1,653356	68,9761	4,238706
6,850262	34,60845	3,806383
0,6019377	82,5798	1,137694
4,303917	37,0941	2,070115
1,03758	45,5478	1,83066
1,967164	55,70495	4,270732
1,83729	68,9761	5,934119
1,485186	80,72649	1,159806
1,224393	56,62616	3,861642
3,791898	43,59719	4,210711
1,807939	70,02393	2,290074
0,9199005	54,42402	4,996244
1,451195	78,113	4,245172
1,220592	55,557	3,022581
1,323684	80,86338	4,551895
1,000031	45,81635	2,292702
0,8974343	45,26852	3,191147
0,8477973	63,36275	2,386264
0,7136368	67,28772	5,298882
2,137576	45,91773	3,889623
0,7547464	62,0468	5,297798
5,739066	36,10283	3,352634
0,2716242	81,2222	4,244453
1,695993	80,39787	3,058706
1,420719	55,33865	2,766276
1,644382	68,56886	4,236591
6,839032	34,37931	3,713102
0,601971	82,12653	1,151077
4,337173	36,79647	2,026257
1,071907	45,45756	0,3148717
1,952203	55,28404	4,245301
1,825809	68,56886	5,932957
1,478113	80,26057	1,160668
1,20664	56,19725	3,85327
3,835231	43,2794	4,136559
1,796957	69,61343	2,281171
0,8869494	54,01006	4,982069
1,444503	77,64872	4,246531
1,204491	55,13412	3,019837
1,318249	80,39787	4,550536
1,048349	45,44653	2,278374
0,9550161	44,91771	3,157762
0,8450358	62,93845	2,382231
0,7117761	66,8373	5,297798
2,196417	45,54926	3,843068
0,7527269	61,60022	5,296714
5,745181	35,82755	3,278124
0,271423	80,77588	4,242041
1,68592	79,93253	3,05208
1,4069	54,9158	2,754104
1,635515	68,16183	4,234502
6,827792	34,15156	3,62202
0,6019803	81,67325	1,164103
4,369701	36,50154	1,983236
1,117534	45,09206	0,3098873
1,936963	54,86502	4,219736
1,81449	68,16183	5,931792
1,471112	79,79482	1,161525
1,189714	55,76963	3,843699
3,87717	42,96464	4,063588
1,786124	69,2031	2,272369
0,8517256	53,5985	4,966505
1,437877	77,18461	4,247892
1,186611	54,71301	3,016523
1,312859	79,93253	4,549206
1,0965	45,0801	2,262349
1,013681	44,57018	3,124046
0,8422883	62,51425	2,378228
0,7099223	66,38696	5,296714
2,254291	45,18401	3,79579
0,7507158	61,15377	5,295631
5,750748	35,55458	3,205167
0,2712223	80,32958	4,239633
1,675973	79,46735	3,045562
1,392514	54,49469	2,741441
1,626751	67,755	4,232439
6,816519	34,67377	4,266415
0,6019626	81,21994	1,176793
4,401522	36,20933	1,941074
1,164538	44,72947	0,305285
1,921425	54,448	4,194012
1,80333	67,755	5,930625
1,464182	79,32923	1,162377
1,173938	55,34342	3,832893
3,917735	42,65291	3,99184
1,775438	68,79295	2,263665
0,8143167	53,18943	4,949475
1,431314	76,72065	4,249248
1,166993	54,29377	3,012615
1,307514	79,46735	4,547904
1,145283	44,71661	2,245569
1,07305	44,22559	3,089528
0,8395548	62,09016	2,374258
0,7080764	65,93671	5,295631
2,311152	44,82167	3,748065
0,7487133	60,70743	5,294549
5,755788	35,28392	3,133762
0,2710215	79,88332	4,237229
1,666148	79,00232	3,039147
1,377636	54,07539	2,728251
1,618089	67,34837	4,230401
7,351	34,4275	4,145787
0,6019166	80,76662	1,189166
4,432653	35,91981	1,899793
1,212806	44,36983	0,3010907
1,905573	54,03305	4,168113
1,792324	67,34837	5,929455
1,45732	78,86382	1,163222
1,159634	54,91868	3,820814
3,925716	42,34418	3,922599
1,764893	68,383	2,255057
0,7748135	52,78295	4,930905
1,424815	76,25685	4,250606
1,145681	53,87648	3,008082
1,302212	79,00232	4,54663
1,194606	44,35608	2,228068
1,132989	43,88395	3,054259
0,8368359	61,66618	2,37032
0,7062373	65,48654	5,294549
2,366943	44,46228	3,699941
0,746719	60,26122	5,293468
5,760316	35,01556	3,063897
0,2708216	79,43709	4,234827
1,656443	78,53746	3,032833
1,362348	53,658	2,714498
1,609528	66,94196	4,228386
7,308495	34,18304	4,028528
0,6018422	80,31331	1,201239
4,463118	35,633	1,859416
1,262228	44,01318	0,2973277
1,8894	53,62027	4,142019
1,78147	66,94196	5,928282
1,450527	78,39857	1,16406
1,14712	54,4955	3,807436
3,963207	42,03843	3,854664
1,75449	67,97321	2,246544
0,7333107	52,37914	4,91073
1,418377	75,79321	4,25196
1,122722	53,46124	3,002912
1,296955	78,53746	4,545383
1,244382	43,99855	2,209884
1,193375	43,54527	3,018299
0,8341307	61,24232	2,366411
0,7044058	65,03646	5,293468
2,421617	44,10587	3,651477
0,744733	59,81512	5,292388
5,729001	34,74948	2,997054
0,2706215	78,99087	4,232426
1,646854	78,07275	3,026619
1,346743	53,2426	2,700149
1,601064	66,53577	4,226396
7,267017	33,93996	3,914166
0,6017382	79,85997	1,21303
4,49294	35,34888	1,819966
1,31271	43,65954	0,2940184
1,872901	53,20972	4,115719
1,770764	66,53577	5,927105
1,4438	77,93349	1,164896
1,136702	54,07397	3,792728
3,999362	41,73564	3,788071
1,744221	67,56363	2,238125
0,6899094	51,97808	4,888889
1,411999	75,32973	4,253314
1,098165	53,0481	2,997078
1,29174	78,07275	4,544164
1,294534	43,64407	2,191054
1,254093	43,20957	2,981714
0,8314394	60,81857	2,362536
0,7025815	64,58646	5,292388
2,475135	43,75248	3,602728
0,7427556	59,3692	5,291259
5,73225	34,48568	2,931765
0,2704223	78,54469	4,230028
1,637382	77,60819	3,020505
1,330917	52,82927	2,685167
1,592696	66,12981	4,224426
7,226491	33,69867	3,803036
0,6016059	79,40663	1,224552
4,522145	35,06745	1,781456
1,36416	43,30894	0,2911835
1,856077	52,80149	4,0892
1,760201	66,12981	5,925925
1,43714	77,46859	1,165725
1,128665	53,65417	3,77667
4,034207	41,43577	3,722848
1,734086	67,15424	2,229797
0,644714	51,57982	4,865326
1,405682	74,8664	4,254666
1,072065	52,63718	2,990565
1,286566	77,60819	4,542969
1,344988	43,29265	2,171619
1,315039	42,87686	2,944561
0,8287619	60,39493	2,358692
0,6999081	64,13654	5,291259
2,527462	43,40212	3,553749
0,7407858	58,92365	5,289898
5,735015	34,22414	2,868023
0,2702228	78,09855	4,227633
1,628021	77,14379	3,014489
1,314971	52,41807	2,669528
1,584422	65,72408	4,22248
7,147542	33,45914	3,695868
0,601445	78,95329	1,235816
4,550755	34,7887	1,743905
1,416497	42,96142	0,2888368
1,838932	52,39565	4,062453
1,749781	65,72408	5,924744
1,430544	77,00385	1,166549
1,123264	53,23616	3,759245
4,067756	41,1388	3,659014
1,724082	66,74507	2,221559
0,5978439	51,18446	4,839997
1,399423	74,40323	4,256018
1,044478	52,22852	2,983357
1,281435	77,14379	4,5418
1,395678	42,94434	2,151623
1,37611	42,54715	2,906905
0,8260986	59,97142	2,354877
0,6952626	63,68671	5,289898
2,578567	43,05485	3,504596
0,7388247	58,47865	5,288111
5,737307	33,96485	2,805828
0,2700241	77,65244	4,225241
1,618771	76,67954	3,008568
1,299015	52,0091	2,653206
1,57624	65,31858	4,220554
7,108311	33,22137	3,59261
0,6012552	78,49994	1,246836
4,578794	34,51262	1,707328
1,469648	42,61699	0,2869942
1,821477	51,99227	4,035472
1,739497	65,31858	5,92356
1,424012	76,53928	1,167366
1,120716	52,82006	3,740443
4,100034	40,8447	3,596595
1,714206	66,33609	2,213412
0,5494285	50,79203	4,812859
1,393222	73,94022	4,257366
1,015467	51,82223	2,975441
1,276344	76,67954	4,540657
1,446545	42,59916	2,131109
1,437213	42,22046	2,868811
0,8234481	59,54804	2,351091
0,6888077	63,23697	5,288111
2,628422	42,71067	3,455321
0,7368717	58,03441	5,285706
5,739146	33,70782	2,745169
0,2698253	77,20635	4,222851
1,609629	76,21545	3,00274
1,283165	51,60241	2,636171
1,568149	64,91333	4,218651
7,069874	32,98535	3,49242
0,6010377	78,04659	1,257623
4,606293	34,23922	1,67174
1,523545	42,27568	0,2856659
1,803726	51,59141	4,008252
1,729349	64,91333	5,922374
1,417542	76,07487	1,168179
1,12119	52,40591	3,720256
4,131056	40,55346	3,535608
1,704455	65,92734	2,20535
0,4996199	50,40259	4,783881
1,387078	73,47736	4,258715
0,9851016	50,74663	3,062453
1,271294	76,21545	4,539538
1,49753	42,25715	2,110125
1,498258	41,89678	2,830352
0,8208964	59,12488	2,347318
0,6808135	62,78731	5,285706
2,677009	42,36963	3,405973
0,7349266	57,59112	5,282499
5,740546	33,45301	2,68604
0,2696268	76,76031	4,220464
1,600594	75,75151	2,997
1,267543	51,19785	2,618515
1,560147	64,50832	4,216768
7,032167	32,75108	3,395236
0,600794	77,59324	1,26819
4,633284	33,96848	1,637155
1,578129	41,93751	0,2848545
1,785699	51,19313	3,980792
1,719334	64,50832	5,921183
1,411134	75,61062	1,168987
1,124812	51,99357	3,69856
4,67141	41,2715	4,676822
1,694826	65,51879	2,197372
1,38099	73,01466	4,260059
0,953302	50,34947	3,048779
1,266283	75,75151	4,538445
1,548586	41,91833	2,088717
1,55916	41,57614	2,791595
0,8190879	58,70203	2,343532
0,6716515	62,33775	5,282499
2,724308	42,03174	3,356606
0,732989	57,14896	5,278307
5,741525	33,20044	2,628437
0,2694286	76,31429	4,218081
1,591662	75,28773	2,991352
1,252402	50,79744	2,60408
1,552232	64,10358	4,214905
6,995126	32,51854	3,301002
0,6005241	77,13988	1,278544
4,659792	33,70039	1,603582
1,633342	41,60251	0,2845632
1,767419	50,79751	3,953096
1,709447	64,10358	5,919991
1,404786	75,14653	1,169789
1,131911	51,5851	3,680779
4,681687	40,96207	4,578269
1,685317	65,11048	2,189481
0,6947891	52,49508	2,225798
1,374958	72,55212	4,261404
0,9202925	49,95759	3,027831
1,261313	75,28773	4,537373
1,59966	41,58273	2,066931
1,619839	41,25854	2,752612
0,8181423	58,27962	2,339699
0,6617986	61,88828	5,278307
2,770307	41,69703	3,307275
0,7310599	56,70811	5,272955
5,742101	32,9501	2,572357
0,2692311	75,8683	4,2157
1,582832	74,8241	2,985793
1,237852	50,40049	2,587688
1,544277	63,69909	4,213045
6,958683	32,28774	3,209667
0,6002288	76,68654	1,288696
4,685851	33,43494	1,571033
1,689138	41,27068	0,2847938
1,748913	50,40515	3,923648
1,699686	63,69909	5,918795
1,398498	74,68261	1,170586
0,9824375	51,61873	2,922426
4,690878	40,65559	4,481802
1,675925	64,7024	2,18167
0,6879139	52,07874	2,20295
1,36898	72,08973	4,262745
0,9201202	49,57041	3,004598
1,25638	74,8241	4,536326
1,650711	41,25036	2,044817
1,680217	40,944	2,713468
0,8180611	57,85775	2,335788
0,6518395	61,4389	5,272955
2,814996	41,36552	3,258022
0,7291386	56,26875	5,266274
5,742291	32,70197	2,517788
0,2690333	75,42235	4,213321
1,574103	74,36062	2,980319
1,224009	50,00656	2,56964
1,535774	63,29488	4,211069
6,922782	32,05868	3,121172
0,5999093	76,23318	1,298655
4,711491	33,17215	1,539513
1,745468	40,94205	0,285539
1,73006	50,01616	3,892323
1,69005	63,29488	5,917597
1,392268	74,21885	1,171377
0,9901435	51,21258	2,900447
4,699023	40,35205	4,387435
1,666648	64,2946	2,173962
0,6862074	51,66424	2,17914
1,363055	71,62749	4,264087
0,8883973	49,18687	2,980568
1,251486	74,36062	4,535304
1,701696	40,92126	2,022426
1,740223	40,63251	2,67424
0,8188627	57,43651	2,331771
0,6424657	60,9896	5,266274
2,85837	41,03723	3,2089
0,7272249	55,83104	5,2581
5,742113	32,45605	2,464728
0,2688361	74,97643	4,210947
1,565471	73,89729	2,974932
1,211006	49,61539	2,551001
1,526704	62,89093	4,208821
6,887364	31,83135	3,03548
0,5995668	75,77985	1,308429
4,736748	32,91198	1,509033
1,80229	40,61664	0,2867898
1,711007	49,63004	3,860617
1,680534	62,89093	5,916397
1,386097	73,75526	1,172167
1,001815	50,80881	2,877685
4,706154	40,05146	4,295175
0,7218884	75,22575	1,308429
1,657484	63,88715	2,166367
0,6898649	51,25167	2,154406
1,357183	71,16541	4,265427
0,8556193	48,80651	2,955299
1,24663	73,89729	4,534303
1,752579	40,59545	1,999807
1,799786	40,3241	2,634993
0,8205814	57,01601	2,327618
0,6344679	60,54041	5,2581
2,900424	40,71219	3,159958
0,7253191	55,39515	5,248277
5,741588	32,21235	2,413171
0,2686395	74,53055	4,208575
1,556935	73,43411	2,96963
1,198997	49,22706	2,531771
1,517127	62,48727	4,206148
6,852371	31,60575	2,952535
0,5994282	75,32813	1,321761
4,761658	32,65445	1,479599
1,859567	40,29445	0,2885392
1,69179	49,24683	3,828546
1,671137	62,48727	5,915193
1,379982	73,29182	1,172948
1,017329	50,40749	2,854178
4,712307	40,01876	4,761335
0,7175544	74,76719	1,321761
1,64843	63,48008	2,158916
0,6989499	50,84111	2,128797
1,351364	70,7035	4,266763
0,8218817	48,42939	2,928816
1,241811	73,43411	4,533324
1,803324	40,27294	1,977012
1,858842	40,01876	2,5958
0,823266	56,59636	2,323302
0,6287168	60,09131	5,248277
2,941159	40,39041	3,111241
0,7233621	54,96123	5,236654
5,740736	31,97085	2,363105
0,2684429	74,0847	4,206204
1,548496	72,97108	2,964407
1,188139	48,84159	2,511951
1,507136	62,0839	4,202899
6,817759	31,38187	2,872295
0,5992529	74,87637	1,334782
4,786257	32,39954	1,451212
1,917261	39,9755	0,290773
1,672455	48,8666	3,796124
1,661856	62,0839	5,913987
1,373923	72,82855	1,173727
1,036498	50,00867	2,829965
4,919615	39,71652	4,65986
0,713383	74,30871	1,334782
1,639483	63,07347	2,151615
0,7133569	50,43263	2,10236
1,345595	70,24174	4,2681
0,7873032	48,05551	2,901155
1,237029	72,97108	4,532368
1,853897	39,95375	1,954088
1,917332	39,71652	2,556728
0,8269758	56,17764	2,318796
0,626128	59,6423	5,236654
2,980578	40,07191	3,06279
0,7204081	54,52942	5,223099
5,739581	31,73155	2,314532
0,2682466	73,63889	4,203837
1,530242	72,50801	2,959848
1,178585	48,45904	2,491544
1,496846	61,68082	4,198928
6,783476	31,15974	2,794717
0,5990425	74,42459	1,347504
4,810581	32,14723	1,423874
1,97534	39,65979	0,2934789
1,653046	48,48938	3,763368
1,652689	61,68082	5,912777
1,378375	72,36557	1,174956
1,05908	49,61242	2,805091
4,917717	39,41738	4,560652
0,7093602	73,8503	1,347504
1,630642	62,66737	2,144493
0,7328297	50,02631	2,075154
1,339877	69,77992	4,269622
0,752032	47,68492	2,872354
1,232284	72,50801	4,531232
1,904267	39,63792	1,931089
1,975196	39,41738	2,517848
0,8317795	55,75995	2,314074
0,6276096	59,19342	5,223099
3,01868	39,75672	3,014653
0,716132	54,09987	5,207491
5,738143	31,49446	2,267442
0,2680502	73,19311	4,201474
1,522083	72,04488	2,955951
1,170489	48,07944	2,470551
1,486405	61,27805	4,19409
6,74949	30,93933	2,719753
0,5987988	73,97279	1,359945
4,834669	31,89754	1,397586
2,033704	39,34752	0,2963777
1,63362	48,1152	3,730301
1,643632	61,27805	5,911566
1,372369	71,90289	1,176637
1,084798	49,21881	2,779598
4,914935	39,12124	4,463403
0,705475	73,39198	1,359945
1,621906	62,26183	2,137568
0,7569956	49,62225	2,047238
1,3342	69,31807	4,271334
0,3669724	59,78452	5,999032
0,7162523	47,31763	2,842456
1,227582	72,04488	4,52992
1,954465	39,32561	1,908608
2,039052	39,12124	2,480787
0,837752	55,34339	2,309114
0,6339962	58,74469	5,207491
3,035323	39,44494	2,968493
0,7105401	53,6727	5,189719
5,736451	31,25956	2,221833
0,2678546	72,74736	4,199114
1,514012	71,58191	2,952133
1,163997	47,70259	2,447551
1,475979	60,87559	4,18825
6,675221	30,72067	2,648982
0,5985229	73,52096	1,372119
4,858558	31,65044	1,372347
2,09229	39,03851	0,2996777
1,614231	47,7441	3,696939
1,634687	60,87559	5,910352
1,366416	71,44037	1,178314
1,113345	48,82774	2,752626
4,911288	38,78415	4,699657
0,7017164	72,93372	1,372119
1,613271	61,8569	2,130854
0,5652527	48,97602	2,835705
1,328572	68,85638	4,273039
0,3662761	59,34542	5,991261
0,6801966	46,95333	2,8133
1,222916	71,58191	4,528626
2,004464	39,01667	1,886158
2,095811	37,92893	3,129941
0,8449714	54,92804	2,303891
0,6459767	58,29615	5,189719
3,070999	39,1365	2,922763
0,7036366	53,24804	5,169679
5,734536	31,02687	2,177697
0,2676589	72,30166	4,196755
1,506029	71,11909	2,948386
1,158836	47,32855	2,422451
1,465759	60,47344	4,181269
6,641632	30,50375	2,580754
0,598217	73,06911	1,384036
4,882288	31,40594	1,34815
2,151433	38,72563	0,3113779
1,594946	47,37613	3,663302
1,625847	60,47344	5,909135
1,360516	70,978	1,179988
1,143983	48,43926	2,72416
4,977834	38,48663	4,59356
0,6980748	72,47553	1,384036
1,604735	61,45264	2,124374
0,5992837	48,58397	2,803464
1,322993	68,39484	4,274744
0,3655815	58,9065	5,983453
0,6438787	46,59204	2,78509
1,218285	71,11909	4,527357
2,052866	38,70392	1,860757
1,822137	37,66621	3,067222
0,8535163	54,51399	2,298384
0,6640382	57,84784	5,169679
3,104207	38,82664	2,872545
0,6954232	52,82601	5,147279
5,732423	30,79639	2,135027
0,2674642	71,856	4,194397
1,49813	70,65641	2,944714
1,155464	46,95758	2,396653
1,455956	60,07162	4,17302
6,608243	30,28859	2,515032
0,5978815	72,61723	1,395709
4,905893	31,16402	1,324994
2,211276	38,41615	0,3235804
1,575832	47,0113	3,62941
1,617112	60,07162	5,907915
1,354669	70,5158	1,181653
1,176774	48,0536	2,695129
4,967979	38,19233	4,489727
0,6945422	72,01742	1,395709
1,596298	61,0491	2,118144
0,6378106	48,19462	2,77059
1,317461	67,93346	4,276446
0,3648889	58,46786	5,975561
0,6079	46,23412	2,756136
1,213688	70,65641	4,526107
2,099641	38,39474	1,835469
1,883044	37,406	3,005425
0,863464	54,10134	2,29257
0,6884283	57,39979	5,147279
3,134952	38,52022	2,822931
0,6859027	52,40671	5,122435
5,730151	30,56811	2,093826
0,2672693	71,41038	4,192044
1,490317	70,19389	2,941114
1,153992	46,58972	2,370173
1,446796	59,67014	4,163377
6,575054	30,07518	2,451776
0,5975189	72,16534	1,407148
4,929415	30,92469	1,30287
2,271508	38,11008	0,3362595
1,556963	46,64965	3,595284
1,60848	59,67014	5,906691
1,348873	70,05375	1,183314
1,211408	47,67081	2,665588
4,957366	37,90127	4,388149
0,6911107	71,55937	1,407148
1,587972	60,64632	2,112184
0,6799675	47,07877	3,098217
1,311977	67,47224	4,278144
0,3641977	58,02962	5,967543
0,5727417	45,87955	2,726492
1,209126	70,19389	4,524879
2,146093	38,08915	1,810339
1,943262	37,14834	2,944589
0,8748863	53,69015	2,286431
0,719155	56,95206	5,122435
3,164463	38,21727	2,773968
0,6750741	51,99024	5,095073
5,727754	30,34205	2,054079
0,2670746	70,96478	4,189692
1,482586	69,73151	2,937587
1,154386	46,22321	2,342082
1,43852	59,26905	4,152281
6,542063	29,86353	2,390949
0,5971298	71,71343	1,418363
4,952886	30,68794	1,281768
2,332073	37,80744	0,3494008
1,53842	46,29121	3,560952
1,599949	59,26905	5,905399
1,343128	69,59187	1,184974
1,2474	47,28963	2,633652
4,946011	37,61346	4,288821
0,6877739	71,10137	1,418363
1,579946	60,24435	2,106467
0,5417157	46,70935	3,06757
1,306538	67,01118	4,27984
0,3635086	57,5919	5,95935
0,5391501	45,8417	1,894107
1,204597	69,73151	4,523671
2,192209	37,78718	1,785415
2,002766	36,89323	2,884748
0,8878486	53,28052	2,279949
0,7560151	56,50467	5,095073
3,192766	37,9178	2,725691
0,6629376	51,57669	5,065131
5,725266	30,11821	2,015783
0,2668804	70,51923	4,187342
1,474936	69,26929	2,93413
1,157178	45,86041	2,317075
1,431377	58,8685	4,139719
6,509295	29,65368	2,332512
0,5967159	71,26152	1,429366
4,976342	30,45375	1,261675
2,392891	37,50822	0,362996
1,520286	45,93599	3,526442
1,591516	58,8685	5,903932
1,337433	69,13013	1,186627
1,284735	46,91175	2,603727
4,933934	37,32891	4,191733
0,6845253	70,64346	1,429366
1,572265	59,84324	2,10094
0,5898491	46,34344	3,032046
1,301146	66,55029	4,281533
0,3628209	57,15479	5,950939
0,8370667	45,47704	1,862474
1,200101	69,26929	4,522483
2,237982	37,48884	1,760734
2,061544	36,64068	2,825925
0,9024094	52,87252	2,273108
0,7986438	56,05767	5,065131
3,219893	37,62183	2,678141
0,649493	51,16613	5,032554
5,722737	29,89658	1,978936
0,2666866	70,07373	4,184997
1,467367	68,80722	2,930742
1,139075	45,50044	2,292511
1,425622	58,46857	4,125683
6,476773	29,44561	2,276426
0,5962782	70,80959	1,440165
4,999811	30,22214	1,242577
2,453875	37,21246	0,3770412
1,48054	45,58368	3,493008
1,58318	58,46857	5,902179
1,331787	68,66856	1,188277
1,32331	46,53707	2,573813
4,921151	37,04762	4,096873
0,6813592	70,18559	1,440165
1,564919	59,44304	2,095549
0,6380255	45,98042	2,996008
1,295797	66,08955	4,283223
0,3629796	56,7184	5,942253
0,8299971	45,11546	1,83089
1,195638	68,80722	4,521314
2,2834	37,19415	1,736336
2,119593	36,39071	2,768143
0,9186137	52,46622	2,265891
0,8465676	55,61112	5,032554
3,245871	37,32938	2,631356
0,6347393	50,75864	4,997302
5,720206	29,6772	1,943527
0,2664925	69,62827	4,182654
1,459876	68,3453	2,927421
1,146668	45,14362	2,268119
1,421507	58,0694	4,110171
6,444543	29,23935	2,222655
0,5958182	70,35765	1,450765
2,453455	46,0149	5,979811
5,023325	29,99308	1,22446
2,514923	36,60193	1,144332
1,463181	45,23473	3,459256
1,574939	58,0694	5,900037
1,326191	68,20715	1,189923
1,362201	46,16545	2,543655
4,907677	36,76962	4,004232
0,6782702	69,72778	1,450765
1,557911	59,0438	2,090253
0,6889837	45,62061	2,95979
1,290494	65,62897	4,284911
1,863616	40,38049	5,979811
0,3650513	56,28283	5,933208
0,8256636	44,75698	1,799442
1,191208	68,3453	4,520166
2,328457	36,90312	1,712253
2,176927	36,14332	2,711412
0,9364992	52,06171	2,258286
0,8992547	55,16505	4,997302
3,270733	37,04046	2,58537
0,6186791	50,35429	4,959343
5,717722	29,46005	1,909552
0,2662994	69,18283	4,180313
1,452462	67,88353	2,924167
1,156556	44,79002	2,243245
1,419279	57,67109	4,093184
6,412652	29,0349	2,171154
0,5953366	69,9057	1,461177
4,054395	45,63009	5,810869
5,046911	29,76659	1,207304
2,430875	36,32849	1,131739
1,446524	44,88907	3,42545
1,566792	57,67109	5,897399
1,320642	67,7459	1,191563
1,401689	45,79694	2,51331
4,893008	36,49387	3,911125
0,6752545	69,27003	1,461177
1,551256	58,64558	2,085012
0,7413633	45,26397	2,922739
1,285235	65,16856	4,286595
1,951345	40,14953	5,810869
0,3690183	55,84819	5,923719
0,8242077	44,40177	1,767912
1,186809	67,88353	4,519037
2,372222	36,61355	1,683915
2,23583	35,89758	2,658587
0,9560885	51,65905	2,250277
0,9561535	54,71951	4,959343
3,293631	36,75365	2,536332
0,6013152	49,95313	4,918659
5,715336	29,24516	1,876999
0,1346224	58,08572	5,911285
0,2661061	68,73745	4,177975
1,445124	67,42191	2,920975
1,168733	44,43967	2,217906
1,419173	57,27375	4,074727
6,381168	28,8323	2,121883
0,5948344	69,45374	1,471408
4,080762	45,24744	5,642507
5,070587	29,54265	1,19109
2,494825	36,05826	1,120184
1,430673	44,54671	3,391623
1,558737	57,27375	5,894167
1,31514	67,28481	1,1932
1,441573	45,43159	2,482828
4,842631	36,22149	3,820976
0,6723073	68,81233	1,471408
1,544987	58,24848	2,079798
0,7947344	44,91055	2,884898
1,280019	64,7083	4,288279
1,943867	39,92048	5,642507
0,3748799	55,41556	5,911285
0,8258833	44,04987	1,73641
1,182443	67,42191	4,517929
2,41489	36,32782	1,656496
2,296146	35,65434	2,606897
0,9773943	51,25831	2,241854
1,01672	54,27456	4,918659
3,314616	36,47051	2,488308
0,5826561	49,5552	4,875241
5,7131	29,03252	1,845865
0,169374	57,65468	5,895119
0,2659133	68,29211	4,175641
1,43786	66,96044	2,917851
1,183166	44,09259	2,192118
1,421404	56,87748	4,05481
6,350163	28,63156	2,074794
0,594313	69,00177	1,481463
4,105005	44,8671	5,474942
5,094376	29,32127	1,175798
2,558521	35,79125	1,109701
1,415733	44,20768	3,357804
1,55077	56,87748	5,890238
1,309685	66,82388	1,194833
1,481671	45,06945	2,452265
4,825691	35,95249	3,733795
0,6694244	68,3547	1,481463
1,539141	57,85256	2,074571
0,8487548	44,56039	2,846305
1,274845	64,24821	4,289958
0,8573803	51,40508	2,233008
1,936388	39,69328	5,474942
0,3826278	54,98532	5,895119
0,8309104	43,70129	1,705037
1,178107	66,96044	4,516838
2,457425	36,04593	1,63001
2,355414	35,41359	2,55635
1,000417	50,85956	2,233008
1,080433	53,83025	4,875241
3,334604	36,19106	2,441332
0,5627163	49,16055	4,829093
5,711071	28,82216	1,816138
0,2104101	57,22406	5,877271
0,2657208	67,84682	4,173306
1,43067	66,49913	2,914786
1,199808	43,74883	2,165895
1,426165	56,4824	4,033443
6,319726	28,43269	2,029843
0,5937731	68,5498	1,49135
4,127208	44,48921	5,308384
5,118288	29,10243	1,161403
2,621906	35,52748	1,100317
1,401813	43,87199	3,324027
1,542892	56,4824	5,885516
1,304276	66,3631	1,19646
1,52182	44,71058	2,421671
4,808103	35,68689	3,648867
0,6666031	67,89711	1,49135
1,533772	57,45787	2,069303
0,9031516	44,2135	2,806998
1,269714	63,78828	4,291635
0,8150343	51,00985	2,218966
1,929105	39,46786	5,308384
0,392284	54,55673	5,877271
0,8394615	43,35605	1,673904
1,173802	66,49913	4,515766
2,499796	35,76791	1,604465
2,413735	35,17553	2,506844
1,024894	50,46394	2,218966
1,146805	53,38663	4,829093
3,353627	35,91529	2,395432
0,541518	48,76919	4,780228
5,709301	28,61408	1,787802
0,2564248	56,79391	5,857599
0,2655287	67,40156	4,170976
1,423552	66,03796	2,911787
1,218586	43,82011	3,328717
1,433618	56,0886	4,010645
6,289955	28,23572	1,986981
0,5932158	68,09782	1,501075
4,147464	44,11388	5,143038
5,142332	28,88615	1,147881
2,422965	35,38666	1,791594
1,389018	43,53964	3,290318
1,5351	56,0886	5,879905
1,298912	65,90248	1,198084
1,56188	44,355	2,391099
4,789876	35,42344	3,564903
0,6638393	67,43958	1,501075
1,528939	57,0645	2,063962
0,9577108	43,86994	2,767015
1,264623	63,32852	4,29331
0,8418883	50,61653	2,204011
1,922229	39,24416	5,143038
0,4038661	54,12988	5,857599
0,8516569	43,01416	1,643121
1,169528	66,03796	4,514711
2,541969	35,49122	1,5795
2,471101	34,93891	2,459043
1,050745	50,07056	2,204011
1,215385	52,94378	4,780228
3,371732	35,64154	2,349295
0,5190983	48,38116	4,728671
5,707847	28,40681	1,757648
0,3066081	56,36431	5,835972
0,2653366	66,95635	4,16865
1,416505	65,57695	2,908847
1,238299	43,46971	3,292286
1,439034	55,6966	3,987292
6,260953	28,03971	1,944614
0,5926418	67,64584	1,510642
4,165865	43,74126	4,979101
5,166511	28,6693	1,128664
2,480606	35,13859	1,760422
1,378077	43,2103	3,258889
1,527394	55,6966	5,872905
1,293593	65,44202	1,199704
1,602079	44,00262	2,361419
4,769444	35,1621	3,481933
0,66113	66,98209	1,510642
1,520951	56,67235	2,058309
1,012208	43,52953	2,724743
1,259573	62,86892	4,294981
0,8719293	50,2252	2,188146
1,91599	39,02211	4,979101
0,4173881	53,70488	5,835972
0,8675554	42,67564	1,612801
1,165284	65,57695	4,513676
2,584625	35,21578	1,55544
2,525944	34,70372	2,41305
1,078167	49,67949	2,188146
1,285755	52,50174	4,728671
3,386804	35,36979	2,303059
4,651588	28,15317	1,128664
0,4955106	47,99647	4,67446
5,702271	28,20052	1,726042
0,3604189	55,93531	5,812269
0,2651451	66,51119	4,166325
1,409527	65,11609	2,905967
1,506063	43,12266	3,249775
1,451256	55,3065	3,963422
6,229976	27,84475	1,902837
0,5920518	67,19385	1,520056
4,182503	43,37147	4,816765
5,177361	28,45256	1,105376
2,537347	34,89353	1,730928
1,368532	42,88391	3,22995
1,51977	55,3065	5,864419
1,288318	64,98172	1,201317
1,642007	43,65346	2,33274
4,748375	34,90414	3,401237
0,6584729	66,52467	1,520056
1,517756	56,28149	2,05231
1,066534	43,19226	2,680123
1,254565	62,40948	4,296649
0,9050214	49,83591	2,171374
1,910634	38,80167	4,816765
0,4328562	53,28186	5,812269
0,8871543	42,3405	1,583063
1,16107	65,11609	4,512658
2,627409	34,94413	1,532728
2,57935	34,4712	2,368252
1,107121	49,29078	2,171374
1,357539	52,06059	4,67446
3,401027	35,10172	2,25813
4,717169	27,95713	1,105376
0,4708357	47,61513	4,617641
5,697121	27,99678	1,696281
0,41746	55,50696	5,786377
0,2649536	66,06608	4,164002
1,402619	64,65538	2,903149
1,529073	42,779	3,206515
1,466443	54,91799	3,938208
6,200098	27,65188	1,863176
0,5914468	66,74186	1,529326
4,197478	43,00465	4,656216
5,190369	28,23916	1,084905
2,593148	34,6515	1,703091
1,361175	42,56085	3,201241
1,512228	54,91799	5,854765
1,283085	64,52158	1,202929
1,682003	43,30767	2,304259
4,726676	34,64956	3,322794
0,6558651	66,06728	1,529326
1,515362	55,89211	2,046131
1,120509	42,85835	2,63494
1,249595	61,95022	4,298313
0,9410025	49,44872	2,153704
1,906412	38,58278	4,656216
0,4502669	52,86091	5,786377
0,9103886	42,00874	1,554021
1,156885	64,65538	4,511655
2,670248	34,67624	1,511335
2,6313	34,24137	2,324661
1,137561	48,90449	2,153704
1,430386	51,62039	4,617641
3,414443	34,83734	2,214533
4,779757	27,76289	1,084905
0,4451896	47,23714	4,558273
5,692468	27,79561	1,668339
0,4774164	55,07933	5,758193
0,2647625	65,62101	4,161684
1,395778	64,19482	2,900386
1,552744	42,43876	3,162553
1,484622	54,53115	3,911683
6,171431	27,46111	1,825562
0,5908272	66,28986	1,538454
4,210884	42,64093	4,497627
5,205441	28,02903	1,067006
2,647978	34,41251	1,676887
1,355452	42,24112	3,172779
1,504767	54,53115	5,843856
1,277897	64,06161	1,204539
1,72163	42,96532	2,276013
4,704344	34,39837	3,246589
0,6533042	65,60995	1,538454
1,513859	55,50426	2,039744
1,174112	42,52784	2,589243
1,244665	61,49113	4,299977
0,9796906	49,06367	2,135149
1,903586	38,36539	4,497627
0,4696043	52,44213	5,758193
0,9371317	41,6804	1,525785
1,152728	64,19482	4,510672
2,713059	34,41212	1,491223
2,681784	34,01425	2,282287
1,169438	48,52067	2,135149
1,50398	51,18122	4,558273
3,427097	34,57664	2,17228
4,839367	27,57054	1,067006
0,4187411	46,86249	4,496424
5,688395	27,59701	1,642177
0,5400168	54,65247	5,72762
0,2645716	65,17599	4,159369
1,389004	63,73442	2,897681
1,576983	42,10199	3,117933
1,505776	54,1461	3,883879
6,14408	27,27246	1,789918
0,5901943	65,83788	1,547447
4,222824	42,28041	4,34117
5,222439	27,82209	1,051439
2,701802	34,1766	1,652269
1,351436	41,92474	3,144572
1,497385	54,1461	5,831614
1,27275	63,60181	1,206152
1,760833	42,62643	2,248035
4,650681	34,15058	3,173345
0,6507876	65,15267	1,547447
1,513333	55,11801	2,03312
1,227294	42,20075	2,543077
1,239774	61,03222	4,301619
1,020896	48,68084	2,11573
1,902416	38,14946	4,34117
0,4908407	52,02562	5,72762
0,967207	41,35545	1,498458
1,147679	63,73442	4,509666
2,755752	34,15177	1,472341
2,7308	33,78976	2,24127
1,202696	48,13937	2,11573
1,578031	50,74316	4,496424
3,439035	34,31965	2,131388
4,896055	27,38017	1,051439
0,3917328	46,49117	4,43217
5,684972	27,40098	1,617761
0,6050176	54,22643	5,694578
0,2643812	64,73103	4,157054
1,382294	63,27418	2,895032
1,601704	41,76873	3,072984
1,529857	53,76289	3,854836
6,118157	27,08597	1,756174
0,5895486	65,38589	1,556309
4,23339	41,92323	4,187001
5,241198	27,61826	1,037969
2,754597	33,94378	1,629195
1,349186	41,61173	3,116404
1,490039	53,76289	5,817958
1,267643	63,14224	1,207823
1,780663	42,29104	2,220935
4,62732	33,9062	3,103054
0,6483135	64,69543	1,556309
1,513877	54,73341	2,026234
1,281956	41,87709	2,497205
1,234921	60,57359	4,303157
1,064422	48,30025	2,095465
1,903156	37,93495	4,187001
0,5139351	51,61146	5,694578
1,000389	41,034	1,472128
1,13997	63,27418	4,508463
2,798231	33,89516	1,454634
2,778257	33,56792	2,201612
1,23728	47,76065	2,095465
1,652277	50,30627	4,43217
3,4503	34,06635	2,091865
4,949911	27,19187	1,037969
0,3645161	46,12316	4,365599
5,682283	27,20753	1,59504
0,6721934	53,80129	5,658992
0,2641907	64,28611	4,154744
1,375649	62,81409	2,892438
1,626994	41,44102	3,027371
1,55678	53,38163	3,824594
6,093771	26,90166	1,72425
0,5888905	64,93389	1,565041
4,242682	41,5695	4,035272
5,261517	27,41748	1,026364
2,806338	33,71409	1,607611
1,3486	41,30209	3,088275
1,482553	53,38163	5,802821
1,262573	62,68297	1,209607
1,819153	41,96019	2,195402
4,580071	33,66529	3,035861
0,6458797	64,23824	1,565041
1,515577	54,35049	2,019056
1,333848	41,55824	2,452168
1,230106	60,11535	4,304498
1,110074	47,92197	2,074382
1,906053	37,72183	4,035272
0,5388374	51,19974	5,658992
1,129672	62,81409	4,506863
2,840399	33,64244	1,438308
2,835012	33,34881	2,163996
1,273131	47,38453	2,074382
1,726477	49,87064	4,365599
3,460939	33,81685	2,053955
5,001061	27,00571	1,026364
0,3375997	45,75844	4,296808
5,680397	27,01668	1,573971
0,7413259	53,37709	5,620801
0,2640006	63,84124	4,152437
1,369068	62,35415	2,889899
1,653097	41,11885	2,980949
1,586435	53,0024	3,793197
6,071012	26,71954	1,694067
0,5882205	64,4819	1,573649
4,222243	41,2199	3,887359
5,283191	27,21969	1,016408
2,857009	33,48753	1,587456
1,349847	40,99587	3,060406
1,474897	53,0024	5,786143
1,25754	62,22406	1,211558
1,857672	41,63391	2,170892
4,556324	33,42789	2,971768
0,643485	63,7811	1,573649
1,518522	53,96933	2,011566
1,388682	41,24419	2,407217
1,225328	59,65758	4,305552
1,157661	47,54604	2,05251
1,911893	37,50946	3,887359
0,5654872	50,79053	5,620801
1,116955	62,35415	4,504673
2,882211	33,39361	1,423296
2,880187	33,13247	2,128437
1,310188	47,01107	2,05251
1,800413	49,43636	4,296808
3,471176	33,57115	2,017667
5,049651	26,82176	1,016408
0,3117149	45,39698	4,225899
5,679383	26,82842	1,554501
0,8122078	52,95389	5,579955
0,2638112	63,39642	4,15013
1,362549	61,89437	2,887416
1,679569	40,79954	2,926121
1,618684	52,62527	3,760689
6,049965	26,53966	1,665546
0,5875397	64,02991	1,582135
4,228221	40,87457	3,74348
5,305995	27,02483	1,007902
2,906593	32,71631	2,218334
1,352942	40,93343	3,914006
1,467055	52,62527	5,767867
1,252538	61,7656	1,21373
1,895685	41,31108	2,143412
4,532138	33,19394	2,909865
0,6411278	63,324	1,582135
1,522793	53,58995	2,003736
1,44318	40,93343	2,366934
1,220586	59,20039	4,306231
1,206998	47,17252	2,029881
1,921003	37,29777	3,74348
0,5938166	50,38391	5,579955
0,9892606	41,30338	4,244631
1,102044	61,89437	4,501704
2,92351	33,14853	1,409261
2,924013	32,91897	2,094079
1,348393	46,64031	2,029881
1,87389	49,00351	4,225899
3,480884	33,32917	1,982759
5,095842	26,64009	1,007902
0,2879044	45,03874	4,152986
5,679292	26,64277	1,53657
0,8846355	52,53175	5,536413
0,2636217	62,95166	4,147827
1,356092	61,43475	2,884983
1,6991	40,48215	2,8552
1,653371	52,25033	3,727119
6,030702	26,36204	1,638601
0,5868474	63,57792	1,590505
4,233045	40,53308	3,602557
5,329709	26,83286	1,000655
2,653231	32,51517	2,173018
1,675901	40,62568	3,863367
1,459011	52,25033	5,747938
1,247567	61,30762	1,216177
1,931268	40,9922	2,112385
4,506337	32,96058	2,846572
0,638806	62,86695	1,590505
1,528466	53,21242	1,995545
1,495172	40,62568	2,336484
1,215881	58,74386	4,306448
1,25791	46,80143	2,006536
1,933048	37,08734	3,602557
0,6237528	49,97994	5,536413
1,125774	40,99413	4,168906
1,085218	61,43475	4,497776
2,96586	32,90133	1,394316
2,965555	32,70556	2,063079
1,387686	46,27228	2,006536
1,94673	48,57218	4,152986
3,488508	33,08707	1,945205
5,139806	26,46078	1,000655
0,2676049	44,6837	4,078186
5,680171	26,45975	1,520118
0,958412	52,11073	5,490146
0,2634325	62,50695	4,145527
1,349696	60,97529	2,882599
1,717134	40,16851	2,784246
1,690328	51,87764	3,69254
6,013272	26,18672	1,613152
0,5861453	63,12594	1,598762
4,236791	40,19553	3,464713
5,354123	26,64375	0,9945028
2,708295	32,31667	2,130365
1,684192	40,32156	3,812318
1,450752	51,87764	5,726306
1,242623	60,8502	1,218947
1,966083	40,67699	2,081616
4,479033	32,73081	2,785673
0,6365178	62,40993	1,598762
1,535609	52,83676	1,986971
1,545815	40,32156	2,306182
1,211211	58,2881	4,306121
1,310229	46,43285	1,982512
1,948192	36,87816	3,464713
0,6552192	49,57868	5,490146
1,185237	40,68842	4,092709
1,066815	60,97529	4,49271
3,009645	32,65806	1,381111
3,004686	32,49516	2,033514
1,428009	45,90702	1,982512
2,018772	48,14246	4,078186
3,494226	32,84889	1,909401
5,181706	26,28386	0,9945028
0,2526624	44,3318	4,001626
5,682046	26,27935	1,505079
1,033343	51,6909	5,441138
0,2632435	62,0623	4,143228
1,343359	60,51599	2,880258
1,405363	40,35114	0,7930176
1,729371	51,50728	3,657001
5,997706	26,01373	1,589117
0,5854338	62,67396	1,606908
4,239527	39,86203	3,330066
5,379033	26,45747	0,9892926
2,761819	32,12086	2,090266
1,693116	40,0222	3,756893
1,44226	51,50728	5,702925
1,237196	60,39339	1,222075
2,000247	40,36635	2,049265
4,451492	32,50464	2,727147
0,6342629	61,95296	1,606908
1,544283	52,46302	1,977991
1,595593	40,0222	2,280071
1,206577	57,83321	4,30516
1,363796	46,06679	1,957856
1,966562	36,6702	3,330066
0,688137	49,18019	5,441138
1,243839	40,38759	4,01998
1,04723	60,51599	4,486344
3,053138	32,41872	1,369503
3,042359	32,28782	2,005364
1,469307	45,54456	1,957856
2,089876	47,71444	4,001626
3,499755	32,61463	1,875329
5,221709	25,80328	1,486551
5,682822	26,0983	1,486761
1,109242	51,2723	5,389384
0,2630552	61,6177	4,140933
1,33708	60,05693	2,877897
1,43933	40,04355	0,7729056
1,770315	51,13931	3,620557
5,98241	25,84094	1,563536
0,5847129	62,22197	1,614946
4,241314	39,53266	3,198722
5,399059	26,26733	0,9765362
2,813838	31,92779	2,052597
1,847586	39,50676	4,256376
1,433523	51,13931	5,677756
1,229871	59,93724	1,225509
2,006123	40,06075	2,016337
4,423762	32,28209	2,670974
0,6320391	61,49604	1,614946
1,554536	52,09126	1,96859
1,807093	40,08743	3,17431
1,201979	57,37931	4,303433
1,418464	45,70331	1,932615
1,988251	36,46345	3,198722
0,7224259	48,78452	5,389384
1,301474	40,09103	3,951236
1,02692	60,05693	4,478572
3,096098	32,18328	1,359351
3,078624	32,08355	1,978598
1,511524	45,18491	1,932615
2,132874	47,29847	3,935975
3,505155	32,38429	1,842967
5,074517	25,63909	1,467698
5,68234	25,92006	1,470073
1,185923	50,855	5,334889
0,2628669	61,17317	4,138641
1,330858	59,59817	2,875444
1,473387	39,74021	0,7518556
1,81297	50,7738	3,583263
5,967433	25,6706	1,539367
0,5839835	61,77	1,622881
4,242211	39,20752	3,070781
5,415776	26,08052	0,9661736
2,864394	31,7375	2,01724
1,851697	39,2168	4,180547
1,424525	50,7738	5,650761
1,220612	59,48183	1,229176
2,034927	39,75927	1,983268
4,39589	32,06316	2,617132
0,6298458	61,03916	1,622881
1,566407	51,72149	1,958747
1,851453	39,79058	3,121624
1,197417	56,92656	4,300804
1,474096	45,34245	1,90684
2,013314	36,25789	3,070781
0,7580072	48,39171	5,334889
1,359719	39,79757	3,881245
1,006405	59,59817	4,469309
3,1383	31,95174	1,350517
3,11353	31,8824	1,953191
1,554607	44,82813	1,90684
2,207062	46,89515	3,881892
3,510489	32,15788	1,812281
5,125783	25,47695	1,451439
5,682714	25,74463	1,454939
1,263208	50,43907	5,277671
0,2626787	60,72869	4,13635
1,324692	59,13978	2,872835
1,507649	39,44071	0,7310707
2,153121	50,80738	4,378348
5,954381	25,50275	1,516518
0,5832454	61,31803	1,630716
4,242271	38,88668	2,946332
5,434535	25,89696	0,9578413
2,913514	31,55002	1,984083
1,855945	38,9305	4,104705
1,415255	50,41081	5,621907
1,209497	59,02718	1,233006
2,06267	39,46159	1,950586
4,367936	31,8479	2,565604
0,627681	60,58231	1,630716
1,579924	51,35423	1,950709
1,894403	39,49747	3,069183
1,192893	56,47512	4,297137
1,530561	44,98424	1,880584
2,041768	36,05352	2,946332
0,7948033	48,0018	5,277671
1,417056	39,50775	3,811176
0,9862692	59,13978	4,458467
3,179554	31,72412	1,342862
3,147136	31,68439	1,929105
1,598504	44,47422	1,880584
2,280499	46,49442	3,827099
3,515814	31,93541	1,783238
5,173247	25,31696	1,437469
5,683993	25,57203	1,441285
1,340927	50,02457	5,217761
0,2624912	60,28426	4,134063
1,31858	58,68184	2,869998
1,542042	39,14507	0,7105942
2,20209	50,43643	4,332387
5,943213	25,33743	1,494903
0,5824996	60,86607	1,638452
4,241539	38,57024	2,82546
5,45488	25,71655	0,9512085
2,961235	31,36543	1,953006
1,860335	38,64785	4,028939
1,405697	50,05041	5,591162
1,196625	58,57336	1,236929
2,089339	39,16772	1,918325
4,339958	31,6363	2,516362
0,6255444	60,12551	1,638452
1,595447	50,98949	1,94454
1,935943	39,20814	3,017047
1,188407	56,02512	4,292307
1,587739	44,62872	1,853901
2,073592	35,85033	2,82546
0,8327398	47,61483	5,217761
1,47345	39,22158	3,741132
0,9671541	58,68184	4,445977
3,219697	31,50041	1,336256
3,179509	31,48957	1,906304
1,643168	44,12321	1,853901
2,353094	46,09631	3,771667
3,521177	31,71688	1,755793
5,217252	25,15919	1,425501
5,686214	25,40226	1,429025
1,41891	49,61155	5,155195
0,2623036	59,8399	4,131779
1,312521	58,2244	2,866856
1,576506	38,8533	0,6904693
2,251639	50,06792	4,285602
5,933868	25,17467	1,474435
0,5816914	60,41411	1,646091
4,240054	38,25828	2,708238
5,476385	25,53924	0,9459821
3,007572	31,19275	1,923749
1,864875	38,36886	3,953329
1,39584	49,69265	5,558503
1,182121	58,12042	1,240872
2,114924	38,87772	1,88652
4,31203	31,4351	2,470908
0,6234343	59,66875	1,646091
1,612695	50,62686	1,937997
1,976087	38,92259	2,965278
1,183162	55,57671	4,286201
1,645518	44,27594	1,826851
2,108738	35,64832	2,708238
10,3227	30,38003	5,842991
0,8717438	47,23083	5,155195
1,528873	38,9391	3,671211
0,9497567	58,2244	4,431771
4,577322	32,9073	0,943723
3,21071	31,30471	1,887944
1,68855	43,77513	1,826851
2,424761	45,70087	3,715668
3,526631	31,5112	1,729104
5,258149	25,00373	1,415276
5,689372	25,23535	1,418073
1,497	49,20008	5,090025
0,2621165	59,39563	4,129468
1,306509	57,76758	2,86332
1,610978	38,56545	0,6707391
2,301615	49,70189	4,238054
5,926274	25,0145	1,455033
0,5793637	59,96216	1,653596
4,237847	37,95085	2,594736
5,49866	25,36498	0,9419135
3,044355	31,03129	1,894031
1,869576	38,09357	3,877949
1,385672	49,33758	5,523909
1,166131	57,66842	1,244774
2,139419	38,59157	1,8552
4,292718	31,24376	2,429253
0,6213524	59,2121	1,653596
1,631659	50,26637	1,931066
2,014852	38,64087	2,913931
1,176397	55,13	4,278726
1,703793	43,92592	1,799495
2,147121	35,44749	2,594736
10,06476	30,22962	5,589759
0,9117499	46,84982	5,090025
1,583297	38,66031	3,601515
0,9348107	57,76758	4,415806
4,587719	34,53935	2,713709
3,25229	31,12927	1,872952
1,734609	43,42998	1,799495
2,495431	45,30813	3,659174
3,544671	31,31758	1,702967
5,296268	24,85068	1,40656
5,693442	25,0713	1,408336
1,575046	48,79024	5,022315
0,2619295	58,95156	4,127035
1,30054	57,31147	2,859295
1,645407	38,28152	0,6514386
2,351875	49,33841	4,189808
5,920336	24,85697	1,436622
0,5749241	59,51022	1,660892
4,234949	37,64804	2,485015
5,521375	25,19374	0,9387783
3,086051	30,88225	1,863145
1,87445	37,82196	3,80289
1,375184	48,98525	5,487367
1,148828	57,21741	1,248568
2,162816	38,30932	1,824398
4,276574	31,06326	2,391721
0,6189883	58,7557	1,660892
1,652318	49,90803	1,923727
2,052258	38,36298	2,86306
1,168127	54,68514	4,269806
1,762471	43,5787	1,77189
2,188634	35,24783	2,485015
9,958341	30,22854	5,375162
0,9526941	46,47183	5,022315
1,636698	38,38525	3,53214
0,9230644	57,31147	4,398046
5,253188	34,30762	2,605051
3,296688	30,96419	1,861513
1,781299	43,08779	1,77189
2,565042	44,91812	3,602257
3,569529	31,13721	1,677303
5,331914	24,70008	1,399144
5,69838	24,91013	1,399722
1,652902	48,38208	4,952132
0,2617429	60,45084	4,012671
1,294598	56,85615	2,85469
1,679745	38,00154	0,632612
2,402284	48,98256	4,143644
5,915932	24,70212	1,419128
0,5684782	59,05838	1,667922
4,231379	37,3499	2,37913
5,544232	25,02547	0,9363989
3,135544	30,73586	1,83117
1,879517	37,55407	3,728227
1,434772	48,98256	5,29508
1,130412	56,76747	1,252194
2,185112	38,03098	1,79414
4,26378	30,8864	2,35617
0,6149672	58,29966	1,667922
1,674639	49,55534	1,915786
2,088337	38,08895	2,812726
1,158369	54,24224	4,259361
1,821458	43,23433	1,744102
2,233151	35,04936	2,37913
9,87165	30,26681	5,335007
0,4048004	62,56487	5,995324
1,149374	54,04341	5,965325
0,9945188	46,09687	4,952132
1,689051	38,11393	3,463192
0,9152546	56,85615	4,378462
5,226798	34,07977	2,499149
3,343771	30,80226	1,850384
1,828581	42,74857	1,744102
2,633535	44,53088	3,544985
3,602065	30,96042	1,651863
5,365366	24,55202	1,392846
5,704107	24,75186	1,392143
1,730431	47,97567	4,87956
0,2615566	60,00285	4,007725
1,28802	56,40171	2,849454
1,713948	37,72554	0,6142988
2,453205	48,6317	4,09687
5,912941	24,54999	1,402487
0,5601801	58,60674	1,674637
4,227148	37,0565	2,277133
5,566989	24,86018	0,9346164
3,191754	30,59578	1,79427
1,884794	37,28989	3,654036
1,432024	48,6317	5,250285
1,111108	56,31865	1,255598
2,206306	37,75658	1,764459
4,252122	30,71613	2,326308
0,6091711	57,84412	1,674637
1,698466	49,20658	1,906094
2,123119	37,8188	2,762979
1,147138	53,8014	4,247325
1,880674	42,89281	1,716197
2,280524	34,85207	2,277133
9,614443	30,09508	5,09531
0,4042031	62,11925	5,984833
0,9220408	53,65528	5,908712
1,037171	45,72495	4,87956
1,740335	37,84638	3,394754
0,9120647	56,40171	4,357026
5,808831	34,77573	3,489883
3,390802	30,64635	1,837919
1,876417	42,41233	1,716197
2,700862	44,14642	3,487429
3,636526	30,79108	1,631052
5,396863	24,40657	1,387504
5,710531	24,59651	1,385509
1,807508	47,57108	4,804687
0,2613704	59,55514	4,002662
1,280441	55,94825	2,843565
1,747978	37,45353	0,5965356
2,503624	48,28395	4,04966
5,911217	24,40063	1,386632
0,5502294	58,15541	1,680993
4,22227	36,7679	2,179066
5,58945	24,69786	0,9333044
3,2451	30,46203	1,752835
1,890302	37,02945	3,580399
1,429233	48,28395	5,203382
1,09117	55,87103	1,258737
2,226396	37,48614	1,735375
4,248486	30,55242	2,301934
0,6016674	57,38923	1,680993
1,723758	48,86037	1,895972
2,156642	37,55255	2,713866
1,13445	53,36275	4,233631
1,940042	42,5542	1,688239
2,330593	34,65597	2,179066
9,533743	30,09943	5,060457
0,4036075	61,6737	5,974363
0,9556568	53,26814	5,849752
1,080606	45,35607	4,804687
1,790528	37,58262	3,326927
0,9140871	55,94825	4,333725
5,761364	34,54251	3,359711
3,440168	30,49648	1,824297
1,924769	42,07909	1,688239
2,766986	43,76477	3,429657
3,691622	30,62899	1,614467
5,426607	24,26379	1,382979
5,717551	24,44411	1,37973
1,884014	47,16837	4,727613
0,2611846	59,10776	3,997452
1,271875	55,49583	2,837017
1,781803	37,18553	0,5793557
2,553917	47,93935	4,00207
5,910606	24,25407	1,371508
0,5388756	57,7045	1,686943
4,216744	36,48415	2,084968
5,611443	24,53851	0,9323575
3,306236	30,33094	1,711377
1,896066	36,77275	3,507387
1,426354	47,93935	5,154377
1,070883	55,42468	1,261571
2,245377	37,21968	1,706917
4,245968	30,39247	2,27918
0,5925475	56,93508	1,686943
1,750581	48,51674	1,885412
2,188948	37,29023	2,665436
1,120321	52,92638	4,218224
1,999491	42,21851	1,660292
2,383191	34,46107	2,084968
9,288836	29,92849	4,833175
0,4030134	61,22824	5,963915
0,99251	52,882	5,788461
1,124781	44,99025	4,727613
1,839612	37,32268	3,259802
0,9217833	55,49583	4,308547
5,705883	34,31327	3,232759
3,489704	30,34993	1,811314
1,973604	41,74886	1,660292
2,831868	43,38596	3,371737
3,742728	30,47028	1,59789
5,454777	24,12374	1,379146
5,725038	24,29468	1,374725
1,959839	46,76761	4,648446
0,260999	58,66077	3,992061
1,262336	55,04456	2,829792
1,815389	36,92158	0,562797
2,603986	47,59795	3,954155
5,910946	24,11037	1,357061
0,526426	57,2541	1,692443
4,210581	36,2053	1,994876
5,632837	24,38215	0,93169
3,372229	32,50669	2,366225
1,902111	36,51983	3,435077
1,423351	47,59795	5,103287
1,050562	54,97968	1,264058
2,263254	36,95723	1,679104
4,24436	30,24081	2,261692
0,5819277	56,48182	1,692443
1,778876	48,17571	1,874413
2,220082	37,03186	2,617736
1,104769	52,49239	4,201051
2,058957	41,88578	1,632424
2,438143	34,26738	1,994876
9,05657	29,76218	4,617095
0,4024206	60,78285	5,953487
1,032241	49,88052	4,240261
1,169662	44,62749	4,648446
1,887574	37,06659	3,193468
0,9354526	55,04456	4,281487
6,607012	36,35952	5,272703
3,539431	30,21119	1,798936
2,022888	41,42163	1,632424
2,895484	43,01002	3,313734
3,78968	30,32104	1,585449
5,481513	23,98649	1,375904
5,732882	24,1497	1,370635
2,034887	46,36888	4,567297
0,2608137	58,21422	3,986464
1,251845	54,59451	2,821884
1,848709	36,66169	0,5468871
2,652991	47,25611	3,902546
5,912081	23,97055	1,344041
0,5132518	56,80432	1,697448
4,203775	35,93142	1,908819
5,791076	23,91616	0,1734298
4,985178	32,34363	2,317766
1,908468	36,27069	3,36354
1,420205	47,25611	5,053519
1,030552	54,5361	1,266165
2,280016	36,69882	1,651961
4,258661	30,11505	2,260992
0,5699528	56,02955	1,697448
1,808332	47,83487	1,861504
2,25009	36,77746	2,570809
1,08781	52,06087	4,182067
2,118379	41,55605	1,6047
2,495265	34,07491	1,908819
8,842819	29,61626	4,428045
0,4018291	60,33755	5,943079
1,076551	49,52111	4,193408
1,21522	44,26778	4,567297
1,934394	36,81436	3,128011
0,9552179	54,59451	4,252547
6,693957	36,11516	5,086261
3,629808	30,0976	1,789333
2,072586	41,09744	1,6047
2,957808	42,63694	3,255713
3,858457	30,20465	1,588434
5,506932	23,85356	1,373134
5,741165	24,00929	1,367286
2,109064	45,97223	4,484292
0,2606284	57,76817	3,980629
1,24043	54,14576	2,813282
1,881737	36,4059	0,5316575
2,701525	46,91743	3,850621
5,917749	23,83469	1,332357
0,4997991	56,35524	1,701916
4,196332	35,67707	1,841741
5,819106	23,77752	0,1817275
4,985854	32,18343	2,269127
1,915165	36,02536	3,292849
1,416874	46,91743	5,001821
1,011228	54,09399	1,267849
2,295671	36,44446	1,625504
4,279282	29,99281	2,260349
0,5567983	55,5784	1,701916
1,839068	47,49659	1,848078
2,279022	36,52706	2,524693
1,069463	51,63191	4,161237
2,177702	41,22932	1,577185
8,919857	29,80827	4,582436
0,401239	59,89233	5,932693
1,123368	49,16382	4,145268
1,261431	43,91112	4,484292
1,980054	36,56603	3,063513
0,9810274	54,14576	4,221735
6,574589	35,87441	4,905933
3,745649	29,9866	1,777956
2,12267	40,77626	1,577185
3,018826	42,26677	3,197737
3,925576	30,09105	1,590669
5,528193	23,72512	1,370625
