81,44283; 12,21856
81,30284; 12,21829
81,16283; 12,21806
81,02285; 12,21778
80,88285; 12,21756
80,74287; 12,21728
80,60286; 12,21705
80,46287; 12,21678
80,32286; 12,21655
80,18288; 12,21628
80,04288; 12,21605
80,0202; 3,260928
79,90289; 12,21577
79,88116; 3,259879
79,76288; 12,21555
79,74249; 3,258792
79,62289; 12,21527
79,60352; 3,257764
79,48289; 12,21505
79,46482; 3,256672
79,3429; 12,21477
79,32579; 3,255598
79,2029; 12,21454
79,18714; 3,25451
79,06291; 12,21427
79,04813; 3,253484
78,9229; 12,21404
78,90946; 3,252363
78,78292; 12,21377
78,7705; 3,251294
78,64291; 12,21354
78,63183; 3,250209
78,50293; 12,21326
78,49281; 3,249152
78,36292; 12,21304
78,35417; 3,24802
78,22294; 12,21276
78,21516; 3,246955
78,08293; 12,21254
78,07651; 3,245853
77,94295; 12,21226
77,93755; 3,244804
77,80294; 12,21203
77,79888; 3,243683
77,66296; 12,21176
77,65988; 3,242585
77,52295; 12,21153
77,52126; 3,241483
77,38297; 12,21126
77,38226; 3,240438
77,24363; 3,239295
77,24296; 12,21103
77,10468; 3,23821
77,10297; 12,21076
76,96602; 3,237141
76,96296; 12,21054
76,82706; 3,236062
76,82298; 12,21026
76,68841; 3,234927
76,68297; 12,21003
76,54948; 3,233878
76,54298; 12,20976
76,41081; 3,232748
76,40298; 12,20953
76,2719; 3,231698
76,26299; 12,20926
76,13322; 3,23055
76,12299; 12,20903
75,99429; 3,22951
75,983; 12,20876
75,85568; 3,228373
75,84299; 12,20853
75,71672; 3,22734
75,703; 12,20826
75,57809; 3,226191
75,563; 12,20803
75,43919; 3,225106
75,42301; 12,20776
75,30055; 3,224032
75,283; 12,20754
75,16162; 3,222956
75,14302; 12,20726
75,023; 3,221778
75,00301; 12,20704
74,8841; 3,220746
74,86302; 12,20676
74,74551; 3,219616
74,72301; 12,20654
74,6066; 3,218528
74,58303; 12,20626
74,46798; 3,217413
74,44303; 12,20604
74,32908; 3,21632
74,30304; 12,20576
74,19048; 3,215163
74,16303; 12,20554
74,05157; 3,214132
74,02305; 12,20527
73,91296; 3,212967
73,88304; 12,20504
73,77412; 3,211843
73,74306; 12,20476
73,63555; 3,210766
73,60304; 12,20454
73,49664; 3,209672
73,46306; 12,20427
73,35804; 3,208483
73,32305; 12,20404
73,21922; 3,207429
73,18306; 12,20377
73,08069; 3,206246
73,04305; 12,20354
72,94183; 3,205175
72,90306; 12,20327
72,80325; 3,204044
72,76305; 12,20305
72,66441; 3,202914
72,62306; 12,20277
72,52591; 3,201727
72,48306; 12,20254
72,38705; 3,200708
72,34306; 12,20227
72,24849; 3,199535
72,20306; 12,20205
72,10968; 3,198391
72,06306; 12,20177
71,97118; 3,197271
71,92305; 12,20155
71,83234; 3,196191
71,78307; 12,20127
71,69379; 3,194991
71,64305; 12,20105
71,55501; 3,193887
71,50306; 12,20077
71,41652; 3,192713
71,36305; 12,20055
71,27773; 3,191606
71,22307; 12,20028
71,13917; 3,190482
71,08305; 12,20005
71,00041; 3,189313
70,94306; 12,19978
70,86192; 3,188133
70,80305; 12,19955
70,72315; 3,187078
70,66307; 12,19928
70,58463; 3,185899
70,52306; 12,19906
70,4459; 3,184716
70,38306; 12,19878
70,30743; 3,183615
70,24306; 12,19856
70,16863; 3,182501
70,10307; 12,19829
70,03011; 3,181305
69,96306; 12,19806
69,8914; 3,180169
69,82307; 12,19779
69,75296; 3,179004
69,68306; 12,19757
69,61426; 3,17788
69,54307; 12,19729
69,47575; 3,176717
69,40306; 12,19707
69,33703; 3,175519
69,26307; 12,19679
69,19865; 3,174345
69,12305; 12,19657
69,0599; 3,173246
68,98307; 12,19629
68,92141; 3,172039
68,84306; 12,19607
68,78276; 3,170869
68,70306; 12,1958
68,64433; 3,169686
68,56306; 12,19557
68,50558; 3,168558
68,42307; 12,19529
68,36713; 3,16735
68,28305; 12,19507
68,22845; 3,166192
68,14307; 12,1948
68,09006; 3,164984
68,00305; 12,19457
67,95138; 3,163863
67,86307; 12,1943
67,8129; 3,162665
67,72305; 12,19407
67,67423; 3,161471
67,58306; 12,1938
67,5359; 3,160259
67,44305; 12,19357
67,39722; 3,159127
67,30306; 12,1933
67,2588; 3,15792
67,16306; 12,19308
67,12022; 3,156743
67,02306; 12,1928
66,98186; 3,155529
66,88305; 12,19258
66,84319; 3,154365
66,74306; 12,19231
66,7048; 3,153146
66,60305; 12,19208
66,56621; 3,151939
66,46306; 12,19181
66,42787; 3,150707
66,32305; 12,19158
66,28926; 3,149565
66,18306; 12,19131
66,15085; 3,148344
66,04305; 12,19109
66,01225; 3,147112
65,90306; 12,19081
65,87396; 3,145862
65,76305; 12,19059
65,73533; 3,144708
65,62305; 12,19032
65,59695; 3,14347
65,48305; 12,19009
65,45842; 3,142269
65,34306; 12,18982
65,32011; 3,141027
65,20304; 12,1896
65,18147; 3,139848
65,06306; 12,18933
65,04314; 3,138603
64,92304; 12,1891
64,90459; 3,137386
64,78306; 12,18883
64,76631; 3,136129
64,64304; 12,18861
64,62775; 3,134986
64,50305; 12,18833
64,4894; 3,133747
64,36304; 12,18811
64,35085; 3,132472
64,22305; 12,18784
64,2126; 3,131202
64,08305; 12,18762
64,07403; 3,130028
63,94306; 12,18734
63,9357; 3,128758
63,80304; 12,18712
63,79721; 3,127535
63,66306; 12,18685
63,65899; 3,126267
63,52304; 12,18663
63,5204; 3,125082
63,38306; 12,18635
63,38217; 3,123819
63,24366; 3,122584
63,24305; 12,18613
63,10546; 3,121301
63,10305; 12,18586
62,96693; 3,120126
62,96304; 12,18564
62,82867; 3,118857
62,82306; 12,18536
62,69019; 3,117615
62,68304; 12,18514
62,55201; 3,116321
62,54306; 12,18487
62,41348; 3,115145
62,40304; 12,18465
62,27529; 3,113852
62,26305; 12,18437
62,1368; 3,112638
62,12304; 12,18415
61,99865; 3,11132
61,98306; 12,18388
61,86013; 3,110137
61,84304; 12,18365
61,72195; 3,108844
61,70306; 12,18339
61,58349; 3,107622
61,56305; 12,18316
61,44535; 3,10631
61,42306; 12,18289
61,30687; 3,105119
61,28305; 12,18267
61,1687; 3,103817
61,14306; 12,1824
61,03026; 3,102582
61,00305; 12,18218
60,89215; 3,101263
60,86306; 12,18191
60,75368; 3,10007
60,72305; 12,18168
60,61555; 3,098759
60,58306; 12,18141
60,47713; 3,097514
60,44305; 12,18119
60,33904; 3,096185
60,30306; 12,18092
60,20059; 3,094984
60,16305; 12,1807
60,06247; 3,093667
60,02307; 12,18043
59,92407; 3,092415
59,88306; 12,1802
59,786; 3,091075
59,74307; 12,17993
59,64756; 3,089866
59,60306; 12,17971
59,5095; 3,088524
59,46307; 12,17944
59,37109; 3,087295
59,32306; 12,17922
59,233; 3,085938
59,18307; 12,17895
59,09462; 3,084695
59,04306; 12,17873
58,95661; 3,083329
58,90307; 12,17846
58,81823; 3,082102
58,76306; 12,17823
58,68022; 3,080696
58,62307; 12,17796
58,54184; 3,079473
58,48306; 12,17774
58,40382; 3,078091
58,34307; 12,17747
58,26549; 3,076827
58,20306; 12,17725
58,12756; 3,075406
58,06308; 12,17698
57,98919; 3,07418
57,92307; 12,17675
57,85129; 3,072752
57,78308; 12,17649
57,71288; 3,071521
57,64307; 12,17626
57,57495; 3,070054
57,50308; 12,17599
57,43663; 3,068794
57,36307; 12,17577
57,29875; 3,067376
57,22308; 12,1755
57,16042; 3,066128
57,08307; 12,17528
57,02253; 3,06467
56,94308; 12,17501
56,88414; 3,063433
56,80307; 12,17478
56,7463; 3,061955
56,66309; 12,17452
56,60798; 3,060707
56,52307; 12,1743
56,4701; 3,05923
56,38309; 12,17403
56,33181; 3,057988
56,24308; 12,1738
56,19395; 3,056494
56,10309; 12,17354
56,0556; 3,055237
55,96308; 12,17331
55,9178; 3,053745
55,82309; 12,17304
55,77951; 3,052486
55,68308; 12,17282
55,64169; 3,051011
55,54309; 12,17255
55,50341; 3,049735
55,40308; 12,17233
55,3656; 3,048243
55,26309; 12,17206
55,22728; 3,046973
55,12308; 12,17184
55,08952; 3,045483
54,98309; 12,17157
54,95127; 3,044209
54,84308; 12,17135
54,81348; 3,042715
54,70309; 12,17108
54,67525; 3,041444
54,56308; 12,17085
54,53748; 3,039963
54,42309; 12,17059
54,39919; 3,03867
54,28308; 12,17037
54,2615; 3,037157
54,14309; 12,17009
54,12328; 3,035857
54,00309; 12,16987
53,98554; 3,034389
53,86309; 12,16961
53,84727; 3,033067
53,72309; 12,16938
53,70959; 3,031511
53,5831; 12,16911
53,5714; 3,030194
53,44309; 12,16889
53,4337; 3,028712
53,3031; 12,16862
53,29551; 3,027382
53,16309; 12,1684
53,15782; 3,025841
53,0231; 12,16813
53,01966; 3,024551
52,88309; 12,16791
52,88192; 3,023038
52,74382; 3,021715
52,7431; 12,16764
52,60612; 3,020151
52,60309; 12,16742
52,46803; 3,018819
52,4631; 12,16715
52,33033; 3,017315
52,32309; 12,16693
52,19223; 3,015979
52,1831; 12,16666
52,05458; 3,014421
52,04309; 12,16644
51,91653; 3,013088
51,90311; 12,16617
51,77884; 3,011551
51,7631; 12,16595
51,6408; 3,010222
51,62311; 12,16568
51,50317; 3,008631
51,4831; 12,16545
51,36515; 3,007289
51,34311; 12,16519
51,22753; 3,005752
51,2031; 12,16497
51,08953; 3,004389
51,06311; 12,1647
50,95191; 3,002818
50,9231; 12,16448
50,8139; 3,001437
50,78311; 12,16421
50,67632; 2,999864
50,6431; 12,16399
50,53836; 2,998541
50,50311; 12,16372
50,4008; 2,996913
50,3631; 12,1635
50,26287; 2,995531
50,22311; 12,16323
50,12531; 2,993979
50,0831; 12,163
49,98733; 2,992574
49,94312; 12,16274
49,84981; 2,990973
49,8031; 12,16252
49,71186; 2,989575
49,66312; 12,16225
49,57436; 2,987977
49,52311; 12,16203
49,43649; 2,986623
49,38312; 12,16175
49,299; 2,984967
49,24311; 12,16154
49,16113; 2,983572
49,10312; 12,16126
49,02364; 2,981991
48,96311; 12,16104
48,88573; 2,980564
48,82312; 12,16078
48,74829; 2,978941
48,68311; 12,16055
48,61051; 2,977541
48,54313; 12,16029
48,473; 2,975955
48,40312; 12,16007
48,33529; 2,974529
48,26313; 12,15979
48,1978; 2,97289
48,12312; 12,15958
48,06004; 2,971421
47,98313; 12,1593
47,92261; 2,969829
47,84312; 12,15908
47,7849; 2,968387
47,70313; 12,15881
47,64748; 2,966747
47,56313; 12,15859
47,50982; 2,965271
47,42313; 12,15832
47,37237; 2,963706
47,28313; 12,1581
47,23466; 2,962198
47,14314; 12,15784
47,09732; 2,960556
47,00312; 12,15761
46,95968; 2,959105
46,86314; 12,15734
46,8223; 2,957503
46,72313; 12,15712
46,68469; 2,955995
46,58314; 12,15686
46,54733; 2,954353
46,44313; 12,15664
46,40969; 2,952849
46,30314; 12,15637
46,27237; 2,951222
46,16313; 12,15614
46,1348; 2,949754
46,02314; 12,15587
45,9975; 2,948063
45,88314; 12,15566
45,85995; 2,946596
45,74315; 12,15539
45,72264; 2,94496
45,60314; 12,15516
45,58513; 2,943436
45,46315; 12,1549
45,44786; 2,94177
45,32314; 12,15468
45,31024; 2,940259
45,18315; 12,15441
45,17302; 2,938597
45,04314; 12,15419
45,03549; 2,937054
44,90316; 12,15392
44,89835; 2,935369
44,76315; 12,1537
44,76088; 2,933876
44,62369; 2,932242
44,62316; 12,15343
44,48621; 2,930715
44,48315; 12,15321
44,34909; 2,92899
44,34316; 12,15294
44,21172; 2,927414
44,20315; 12,15272
44,07453; 2,92574
44,06316; 12,15245
43,93715; 2,924136
43,92315; 12,15223
43,80004; 2,922436
43,78316; 12,15196
43,66261; 2,9209
43,64315; 12,15174
43,52556; 2,919191
43,50316; 12,15147
43,3882; 2,917631
43,36316; 12,15125
43,25116; 2,915922
43,22316; 12,15098
43,11385; 2,914337
43,08315; 12,15076
42,97681; 2,912626
42,94317; 12,1505
42,8395; 2,911011
42,80316; 12,15028
42,70252; 2,909256
42,66317; 12,15001
42,56524; 2,907676
42,52316; 12,14979
42,42828; 2,905989
42,38317; 12,14952
42,29105; 2,904373
42,24316; 12,1493
42,15413; 2,902664
42,10318; 12,14903
42,01687; 2,901076
41,96317; 12,14881
41,88; 2,899351
41,82318; 12,14854
41,74285; 2,897702
41,68317; 12,14832
41,60599; 2,895939
41,54318; 12,14805
41,46883; 2,894312
41,40317; 12,14783
41,33199; 2,892539
41,26318; 12,14756
41,19495; 2,890933
41,12317; 12,14734
41,05817; 2,88916
40,98318; 12,14708
40,92113; 2,887508
40,84317; 12,14686
40,78443; 2,885782
40,70319; 12,14659
40,64744; 2,884126
40,56318; 12,14637
40,5108; 2,882339
40,42321; 12,14608
40,37376; 2,88069
40,28323; 12,14582
40,23709; 2,878878
40,14331; 12,14549
40,1002; 2,877209
40,0034; 12,14517
39,9636; 2,875458
39,86355; 12,14476
39,82667; 2,873739
39,72372; 12,14436
39,69009; 2,871988
39,58398; 12,14385
39,55325; 2,870254
39,44427; 12,14332
39,41673; 2,868457
39,30465; 12,14268
39,27984; 2,866716
39,16507; 12,14202
39,1433; 2,864928
39,02561; 12,14122
39,00656; 2,86314
38,88622; 12,14038
38,8701; 2,861383
38,74695; 12,13939
38,73331; 2,859616
38,60777; 12,13833
38,59688; 2,857817
38,46873; 12,1371
38,46018; 2,85603
38,32981; 12,13579
38,32375; 2,854205
38,19105; 12,13428
38,18704; 2,852439
38,05242; 12,13267
38,05064; 2,850603
37,91407; 2,848783
37,91398; 12,13084
37,77777; 2,846985
37,77569; 12,12888
37,64114; 2,845179
37,63762; 12,12668
37,50489; 2,843331
37,49971; 12,12434
37,36837; 2,841525
37,36204; 12,12173
37,23209; 2,839662
37,22457; 12,11895
37,09562; 2,83784
37,08736; 12,11588
36,95943; 2,83599
36,95037; 12,11262
36,82302; 2,834155
36,81365; 12,10905
36,68689; 2,832297
36,67717; 12,10527
36,55048; 2,830449
36,54098; 12,10118
36,41438; 2,828565
36,40505; 12,09685
36,27804; 2,826744
36,26942; 12,09219
36,14193; 2,824836
36,13409; 12,08726
36,00567; 2,822964
35,99907; 12,08199
35,86966; 2,821097
35,86435; 12,07644
35,73344; 2,819242
35,72998; 12,07052
35,59749; 2,817331
35,59594; 12,0643
35,46228; 12,05767
35,46125; 2,815448
35,32896; 12,05072
35,32536; 2,813515
35,19605; 12,04334
35,18923; 2,81164
35,06351; 12,03562
35,05338; 2,809689
34,93139; 12,02745
34,91722; 2,807813
34,79965; 12,01893
34,78135; 2,805851
34,66836; 12,00994
34,64539; 2,803921
34,53749; 12,00057
34,50956; 2,802016
34,40706; 11,99071
34,37359; 2,800077
34,27707; 11,98048
34,23785; 2,798118
34,14755; 11,96972
34,10199; 2,796132
34,01848; 11,95856
33,9663; 2,794233
33,88986; 11,94692
33,83049; 2,792218
33,76169; 11,93487
33,69482; 2,790273
33,63399; 11,92232
33,55906; 2,788255
33,50684; 11,9093
33,42352; 2,786353
33,38017; 11,89576
33,28782; 2,784322
33,25397; 11,88181
33,15227; 2,782357
33,12827; 11,86734
33,01662; 2,780333
33,00305; 11,85243
32,88128; 2,778326
32,87833; 11,837
32,75411; 11,82114
32,74563; 2,776397
32,63039; 11,80474
32,61027; 2,774369
32,50717; 11,78792
32,47475; 2,772258
32,38448; 11,77053
32,33953; 2,770219
32,26242; 11,75254
32,20396; 2,768241
32,14079; 11,73415
32,06879; 2,766079
32,01977; 11,71516
31,93333; 2,764073
31,89929; 11,69563
31,7982; 2,761963
31,77933; 11,67565
31,6628; 2,759909
31,6599; 11,65514
31,54097; 11,6342
31,52783; 2,757814
31,42258; 11,61273
31,39249; 2,755855
31,30468; 11,59084
31,25752; 2,753617
31,18731; 11,56847
31,12223; 2,751632
31,07041; 11,54568
30,98739; 2,749502
30,95406; 11,52242
30,85226; 2,747456
30,83821; 11,49876
30,72286; 11,47467
30,71742; 2,745288
30,608; 11,4502
30,58228; 2,743211
30,49369; 11,42526
30,44759; 2,741051
30,37984; 11,4
30,31258; 2,739058
30,26651; 11,3743
30,17791; 2,736808
30,15367; 11,34822
30,04291; 2,734778
30,04132; 11,32174
29,92946; 11,29488
29,90841; 2,732534
29,81826; 11,26748
29,77357; 2,730474
29,70736; 11,23982
29,63907; 2,728184
29,59712; 11,21164
29,50425; 2,726078
29,48735; 11,18307
29,37814; 11,15406
29,37003; 2,723778
29,26938; 11,12467
29,23537; 2,72168
29,1611; 11,09488
29,10114; 2,719344
29,05326; 11,06472
28,96652; 2,71718
28,94589; 11,03416
28,83896; 11,00323
28,83245; 2,714848
28,73255; 10,97188
28,69798; 2,712713
28,62656; 10,94017
28,56393; 2,710349
28,52104; 10,90807
28,42949; 2,70819
28,41611; 10,8755
28,31146; 10,84266
28,29562; 2,705825
28,20741; 10,80937
28,16134; 2,703662
28,10378; 10,77572
28,02751; 2,701261
28,00058; 10,74174
27,8978; 10,7074
27,89327; 2,699068
27,79542; 10,67274
27,7596; 2,696672
27,69346; 10,63773
27,62555; 2,694498
27,59188; 10,60243
27,49191; 2,69206
27,49068; 10,56682
27,38985; 10,53092
27,35789; 2,689871
27,28943; 10,4947
27,22443; 2,687428
27,18939; 10,45818
27,09061; 2,685237
27,08972; 10,42137
26,99028; 10,38445
26,95719; 2,682746
26,89132; 10,3471
26,8234; 2,680521
26,79259; 10,30961
26,69421; 10,27185
26,69017; 2,678036
26,59624; 10,23382
26,55654; 2,675852
26,49867; 10,19544
26,42336; 2,673314
26,40136; 10,15689
26,30447; 10,118
26,28982; 2,671035
26,20816; 10,07878
26,1568; 2,668561
26,11193; 10,03937
26,0235; 2,666264
26,01627; 9,999679
25,92079; 9,959744
25,89052; 2,663672
25,82585; 9,919487
25,75729; 2,661406
25,73122; 9,879008
25,63692; 9,83829
25,62452; 2,658898
25,54294; 9,797345
25,49141; 2,656672
25,44928; 9,756171
25,35869; 2,654073
25,35645; 9,714474
25,26361; 9,672687
25,2257; 2,651765
25,17144; 9,630578
25,09326; 2,649113
25,08007; 9,587971
24,98845; 9,545491
24,96032; 2,647077
24,89766; 9,502561
24,82777; 2,64454
24,80662; 9,459752
24,71672; 9,416375
24,69509; 2,642352
24,62671; 9,373126
24,56249; 2,640106
24,53775; 9,329379
24,44825; 9,286152
24,42996; 2,637925
24,35974; 9,242929
24,2974; 2,635575
24,27114; 9,200261
24,18309; 9,15766
24,165; 2,633492
24,09526; 9,115036
24,03246; 2,631288
24,0076; 9,072429
23,91997; 9,029984
23,89996; 2,629358
23,83272; 8,987261
23,76755; 2,627136
23,74549; 8,944704
23,65835; 8,902224
23,63524; 2,625212
23,57142; 8,859676
23,50256; 2,623345
23,4847; 8,817101
23,39819; 8,774464
23,37007; 2,621543
23,31217; 8,73163
23,23734; 2,619865
23,22605; 8,68891
23,14039; 8,646029
23,10444; 2,618299
23,0549; 8,60315
22,97159; 2,616825
22,96956; 8,560257
22,8845; 8,517327
22,83876; 2,615202
22,79946; 8,474425
22,7147; 8,43152
22,70568; 2,613804
22,63005; 8,38862
22,57234; 2,61283
22,54561; 8,345748
22,46132; 8,302832
22,43895; 2,611853
22,37756; 8,259765
22,30575; 2,61094
22,29366; 8,21689
22,21018; 8,17389
22,17219; 2,610267
22,12679; 8,130984
22,04353; 8,088155
22,03868; 2,609329
21,96056; 8,045295
21,90464; 2,608547
21,87759; 8,002538
21,79492; 7,959768
21,77018; 2,607966
21,71236; 7,917097
21,63535; 2,607516
21,62995; 7,874438
21,54764; 7,831868
21,49998; 2,607009
21,46537; 7,78946
21,38369; 7,746865
21,3643; 2,606982
21,30213; 7,704367
21,2278; 2,606786
21,22064; 7,661964
21,13941; 7,619582
21,09085; 2,607101
21,0584; 7,577305
20,97764; 7,535007
20,95269; 2,607186
20,89677; 7,493012
20,81623; 7,450824
20,81421; 2,608097
20,73591; 7,408816
20,6743; 2,608325
20,65586; 7,366408
20,57571; 7,324572
20,53403; 2,609613
20,4958; 7,282374
20,41582; 7,240753
20,39217; 2,610215
20,33618; 7,198748
20,25624; 7,157355
20,24995; 2,61188
20,17657; 7,115661
20,106; 2,612923
20,09712; 7,074066
20,01775; 7,032598
19,96153; 2,615
19,9384; 6,991271
19,859; 6,950136
19,81531; 2,61636
19,77958; 6,909157
19,7003; 6,868223
19,66867; 2,618858
19,62082; 6,827639
19,5419; 6,786812
19,52024; 2,620464
19,46242; 6,74654
19,38344; 6,706079
19,37099; 2,62314
19,30394; 6,666152
19,22484; 6,626145
19,22004; 2,625125
19,14532; 6,586542
19,06812; 2,628226
19,06608; 6,547008
18,98692; 6,507537
18,91422; 2,630672
18,90774; 6,468301
18,82835; 6,429404
18,75963; 2,634346
18,74909; 6,390619
18,66958; 6,352214
18,60257; 2,637456
18,59032; 6,313883
18,51082; 6,275918
18,44474; 2,641605
18,43178; 6,237982
18,35216; 6,200529
18,28448; 2,64517
18,27293; 6,163094
18,19346; 6,12616
18,12389; 2,6495
18,11418; 6,0891
18,03484; 6,052659
17,96042; 2,653645
17,95612; 6,015752
17,87685; 5,9797
17,79871; 5,943166
17,79619; 2,658622
17,71972; 5,90732
17,64151; 5,871179
17,62899; 2,663182
17,56276; 5,835618
17,48446; 5,799876
17,46105; 2,66893
17,40561; 5,764552
17,32696; 5,729392
17,29046; 2,673499
17,24873; 5,694198
17,17021; 5,65934
17,11882; 2,679867
17,09184; 5,624565
17,01301; 5,590193
16,9442; 2,684843
16,93437; 5,555868
16,85564; 5,521745
16,77677; 5,487826
16,76845; 2,691836
16,69778; 5,454091
16,61879; 5,420416
16,58954; 2,697172
16,53951; 5,387066
16,46062; 5,353494
16,41008; 2,703849
16,38101; 5,320589
16,30169; 5,287447
16,22721; 2,710042
16,22178; 5,254907
16,14198; 5,222449
16,06199; 5,190049
16,04279; 2,71731
15,9819; 5,157836
15,90193; 5,125783
15,85519; 2,724138
15,82131; 5,094042
15,74073; 5,062602
15,66523; 2,732006
15,65971; 5,031292
15,57857; 5,000356
15,49704; 4,969522
15,4723; 2,740003
15,41543; 4,93905
15,33345; 4,9087
15,27662; 2,748879
15,25136; 4,878697
15,16867; 4,848968
15,08612; 4,819408
15,07798; 2,757848
15,00283; 4,790101
14,91954; 4,761106
14,87604; 2,767711
14,83562; 4,732357
14,7515; 4,704099
14,67122; 2,777412
14,66735; 4,675903
14,58278; 4,648099
14,49777; 4,620463
14,46374; 2,788693
14,41243; 4,593142
14,32712; 4,56604
14,25258; 2,800272
14,24111; 4,539176
14,15419; 4,513045
14,06743; 4,486816
14,03848; 2,813269
13,98017; 4,461148
13,89277; 4,435435
13,82147; 2,826203
13,80467; 4,410064
13,71696; 4,384365
13,6282; 4,359123
13,60082; 2,840694
13,53993; 4,333769
13,45038; 4,309085
13,37773; 2,854787
13,3607; 4,284598
13,27039; 4,260238
13,1799; 4,236179
13,15035; 2,870758
13,08878; 4,21236
12,99664; 4,18891
12,9209; 2,886301
12,90452; 4,165827
12,81199; 4,142484
12,71906; 4,119763
12,6867; 2,904032
12,62576; 4,096842
12,53216; 4,074358
12,45016; 2,921497
12,43785; 4,051964
12,34309; 4,030011
12,24699; 4,008082
12,2091; 2,941223
12,15061; 3,987195
12,05361; 3,965834
11,9655; 2,96165
11,95631; 3,945483
11,85808; 3,924408
11,76; 3,903964
11,71912; 2,982887
11,66094; 3,882993
11,56173; 3,863195
11,4686; 3,005851
11,4617; 3,842756
11,36176; 3,823374
11,26033; 3,803566
11,21569; 3,030085
11,15963; 3,784219
11,05798; 3,765236
10,95916; 3,055705
10,95584; 3,746243
10,85328; 3,728048
10,74996; 3,709381
10,70106; 3,083281
10,64752; 3,6919
10,54383; 3,674037
10,4412; 3,65748
10,44052; 3,11228
10,33582; 3,639421
10,23223; 3,624087
10,17803; 3,142614
10,12667; 3,606618
10,02238; 3,592059
9,916622; 3,575619
9,914175; 3,174218
9,812283; 3,562165
9,70607; 3,546404
9,649427; 3,207164
9,599842; 3,532361
9,493468; 3,518086
9,387247; 3,50419
9,385837; 3,24142
9,280055; 3,490953
9,172605; 3,476854
9,122667; 3,276304
9,064153; 3,465141
8,956344; 3,452501
8,862357; 3,312517
8,848495; 3,441825
8,740522; 3,431028
8,633118; 3,421973
8,606045; 3,348859
8,524757; 3,411954
8,420345; 3,404975
8,354303; 3,384433
8,313683; 3,39668
8,209407; 3,392026
8,11071; 3,418807
8,105154; 3,387201
8,002889; 3,384133
7,899547; 3,381775
7,877068; 3,449507
7,79939; 3,379625
7,697795; 3,379359
7,652158; 3,478627
7,59777; 3,379469
7,498063; 3,379786
7,43803; 3,504686
7,39927; 3,380836
7,30237; 3,382135
7,234234; 3,529971
7,206219; 3,384601
7,110521; 3,388039
7,040874; 3,55322
7,016952; 3,392942
6,925213; 3,398644
6,858951; 3,574761
6,833813; 3,405081
6,744474; 3,41179
6,68962; 3,593586
6,656383; 3,419739
6,571561; 3,428292
6,533789; 3,60976
6,487225; 3,436618
6,406718; 3,447292
6,391748; 3,622393
6,329193; 3,458053
6,26462; 3,631211
6,253798; 3,470081
6,18308; 3,481231
6,151546; 3,636629
6,115616; 3,493079
6,052794; 3,639468
6,052064; 3,503688
5,991768; 3,514071
5,967817; 3,639803
5,93683; 3,524819
5,898095; 3,63876
5,886364; 3,536366
5,842265; 3,546659
5,839327; 3,635996
5,804324; 3,558393
5,795283; 3,63122
5,77347; 3,56931
5,7616; 3,625102
5,749822; 3,581277
5,739907; 3,618226
5,733582; 3,591075
5,727617; 3,609455
5,726587; 3,601194
