0	35,40579	4,356214
0	29,99802	3,020794
0	75,1026	5,875125
0	44,79341	3,300315
0	28,9626	1,441656
0	80,55302	4,371078
0	79,84905	2,11583
0	77,3447	5,70664
0	53,32829	3,526427
1,571142	63,19708	4,726476
0	51,38683	2,888541
0	80,81992	2,798204
1,638253	81,40771	1,827037
0	51,46592	2,382917
0	61,86222	4,726476
0	29,46395	0,7854623
0	79,3988	4,627839
0	52,09436	3,755385
0	51,44178	4,235726
0	53,83754	2,405926
0	74,63684	5,706533
0	33,1456	4,356214
1,757947	72,16177	5,706533
0	79,88832	2,690034
0	82,66198	5,70664
0	53,03264	4,23536
0	49,14412	5,448467
0	50,67977	3,026476
0	28,65836	2,456912
0	79,50542	1,276469
1,83734	43,24694	3,300315
0	79,88832	4,00703
5,625671	35,06351	4,17144
7,227544	29,7686	2,910946
0,1672362	74,66263	5,865095
2,170507	44,43471	3,224148
4,769176	30,85217	0,9950619
0,3304028	80,11202	4,367897
0,8711424	79,39528	2,110691
0,9397498	76,91862	5,70353
0,9893297	52,90717	3,497125
1,563166	62,75183	4,720273
0,5674906	49,50475	5,24671
0,6705294	80,09916	2,374897
1,628724	80,94363	1,821906
0,9797306	53,40918	4,950991
1,287107	61,41909	4,720273
6,047574	30,40146	1,94483
0,1985831	78,95538	4,623797
0,2651021	49,51138	4,864506
0,4925119	51,03527	4,210257
0,6081	53,40918	2,407243
2,968703	32,9268	4,17144
1,7476	71,74262	5,68464
0,7047248	77,99258	1,37236
0,8176805	82,2368	5,70353
0,8956711	52,61424	4,217854
1,896824	48,74229	5,39255
0,9574328	50,27564	3,002063
0,2345936	74,66263	5,623836
2,602561	42,92115	3,224148
0,8968405	79,43618	4,003013
5,599876	34,72603	3,992142
7,135492	29,55878	2,824876
0,1670901	74,22269	5,855084
2,223269	44,07859	3,14783
4,79713	30,618	0,986356
0,3299772	79,67107	4,364721
0,8684679	78,94168	2,105425
0,9369249	76,49266	5,70043
1,052634	52,48713	3,465789
1,555278	62,30694	4,71414
0,588769	49,1058	5,206329
0,668299	79,64213	2,365635
1,619119	80,47972	1,816879
1,050613	52,98056	4,910631
1,281848	60,97651	4,71414
6,028931	30,17296	1,886949
0,1983202	78,51198	4,619765
0,2424804	49,1244	4,827164
0,4817561	50,63063	4,183629
0,6313084	52,98056	2,409662
3,040197	32,70797	3,992142
1,73739	71,32361	5,66298
0,7021495	77,54586	1,385692
0,8154242	81,81172	5,70043
0,9477773	52,19701	4,198624
1,9645	48,34307	5,334888
1,024151	49,87379	2,977652
4,568419	36,46516	5,988174
0,234337	74,22269	5,621846
2,617076	42,59825	3,14783
0,894236	78,98421	3,998854
5,547288	34,39412	3,821198
7,105736	29,40164	2,793894
0,1669445	73,78278	5,845093
2,276173	43,72508	3,071469
4,942088	30,53717	1,100468
0,3295525	79,23016	4,36155
0,8658065	78,48811	2,100187
0,9341162	76,06679	5,697336
1,117709	52,06857	3,432833
1,547474	61,86239	4,708078
0,6112354	48,70955	5,163448
0,6661175	79,1852	2,356507
1,609634	80,01596	1,811955
1,122923	52,55263	4,867702
1,276632	60,53445	4,708078
6,044713	30,02329	1,909387
0,1980581	78,0686	4,615742
0,2194273	48,74055	4,787702
0,4703212	50,22829	4,155443
0,6566018	52,55263	2,412567
3,112267	32,48846	3,821198
1,727311	70,90471	5,64155
0,6996391	77,09906	1,398758
0,8131794	81,38675	5,697336
1,002277	51,78139	4,177979
2,032489	47,94651	5,275521
1,092186	49,47399	2,952144
8,171315	36,18383	5,779727
0,234081	73,78278	5,619857
2,632169	42,27822	3,071469
0,891645	78,53222	3,994753
5,523574	34,06701	3,65587
7,097924	29,24757	2,765326
0,1667991	73,34289	5,835122
2,329111	43,37427	2,995182
5,168619	30,45298	1,207573
0,3291287	78,78928	4,358386
0,8631581	78,03458	2,094977
0,9313232	75,64101	5,694253
1,184269	51,65157	3,398283
1,539754	61,4182	4,702085
0,6348628	48,31606	5,11806
0,6639805	78,72835	2,347508
1,600266	79,55238	1,807134
1,19644	52,12546	4,822195
1,271459	60,09296	4,702085
6,093796	29,87687	1,931953
0,1977966	77,62525	4,611725
0,1965077	48,35985	4,746137
0,4582725	49,82829	4,1257
0,6839505	52,12546	2,415966
3,186733	32,269	3,65587
1,717364	70,48595	5,620345
0,6971891	76,65217	1,411574
0,8109446	80,96188	5,694253
1,058895	51,36743	4,155902
2,100683	47,55265	5,21449
1,161399	49,0763	2,925546
8,070375	35,90532	5,577785
0,2338256	73,34289	5,617867
2,647868	41,96106	2,995182
0,8890672	78,08022	3,990712
5,501326	33,74469	3,496159
7,090931	29,09618	2,73889
0,166654	72,90303	5,825171
2,381989	43,02619	2,919086
5,359389	30,3656	1,307319
0,3287061	78,34843	4,355226
0,8605226	77,58109	2,089798
0,9285464	75,21534	5,691178
1,25205	51,23618	3,362158
1,532076	60,97438	4,696155
0,6596258	47,92536	5,07017
0,6618848	78,2716	2,338631
1,591014	79,08897	1,802412
1,270949	51,6991	4,774113
1,266327	59,65201	4,696155
6,141503	29,73316	1,954319
0,1975354	77,18192	4,60772
0,1746351	47,98234	4,702487
0,4456954	49,43068	4,094403
0,7133108	51,6991	2,419865
3,262209	32,04963	3,496159
1,707542	70,06734	5,599363
0,6947944	76,20521	1,424148
0,8087209	80,53712	5,691178
1,117368	50,95518	4,132389
2,168978	47,16153	5,151844
1,23166	48,68075	2,897869
7,973809	35,62962	5,382146
0,2335707	72,90303	5,615881
2,66421	41,64674	2,919086
0,8865023	77,62821	3,986729
5,480598	33,42713	3,342048
7,084504	28,94721	2,714353
0,1665094	72,4632	5,815239
2,43472	42,68089	2,84329
5,523894	30,27522	1,399625
0,3282842	77,90762	4,352072
0,8578998	77,12762	2,084646
0,925785	74,78977	5,688111
1,320808	50,82423	3,32661
1,523774	60,53091	4,690232
0,6855022	47,53749	5,019792
0,6598266	77,81494	2,329871
1,581875	78,62571	1,797783
1,346247	51,27359	4,72347
1,261236	59,21171	4,690232
6,187877	29,59176	1,976212
0,1972751	76,73862	4,603724
0,4848829	52,97103	2,599274
0,4326979	49,03727	4,059452
0,7446266	51,27359	2,424262
3,338526	31,8304	3,342048
1,697845	69,64885	5,578599
0,6924508	75,75817	1,436494
0,8065073	80,11247	5,688111
1,177449	50,54648	4,10972
2,237278	46,7732	5,087634
1,302841	48,28737	2,869129
7,8814	35,35673	5,192626
0,2333164	72,4632	5,613896
2,681226	41,33526	2,84329
0,8839509	77,17621	3,982798
5,461434	33,11429	3,193524
7,117023	28,80043	2,689878
0,166365	72,0234	5,805327
2,487226	42,33844	2,767908
5,668428	30,182	1,484574
0,3278636	77,46686	4,348925
0,8552899	76,6742	2,07952
0,923039	74,3643	5,685053
1,391094	50,41753	3,293059
1,514625	60,08781	4,684204
0,7124721	47,15248	4,966949
0,6578037	77,35837	2,321224
1,572847	78,16261	1,793251
1,422139	50,84901	4,670292
1,256186	58,77218	4,684204
6,232972	29,45238	1,997416
0,1970153	76,29533	4,599735
0,5309561	52,54206	2,57954
0,419181	48,64986	4,019449
0,7778289	50,84901	2,429154
3,415513	31,61134	3,193524
1,68827	69,23051	5,55805
0,6901546	75,31107	1,44862
0,8043044	79,68794	5,685053
1,239563	50,14314	4,087717
2,305493	46,3877	5,021916
1,374824	47,89619	2,839344
7,792939	35,08665	5,009044
0,2330621	72,0234	5,61191
2,698952	41,0266	2,767908
0,8814124	76,72419	3,978921
5,443862	32,80615	3,050555
7,108212	28,6557	2,667072
0,1662209	71,58363	5,795435
6,60591	40,72074	5,909108
2,539443	41,99886	2,693053
5,797189	30,08611	1,562347
0,3274432	77,02613	4,345781
0,8526924	76,22081	2,074426
0,9203084	73,93895	5,682002
1,462136	50,01302	3,258446
1,504676	59,6451	4,677967
0,7405205	46,77034	4,911677
0,6558131	76,90188	2,312683
1,563927	77,69968	1,788812
1,498438	50,42541	4,614612
1,25104	58,33357	4,677967
6,276839	29,31479	2,017765
0,1967562	75,85208	4,595755
0,5764935	52,11412	2,558703
0,4053853	48,26539	3,977506
0,8128424	50,42541	2,434535
3,493008	31,39252	3,050555
1,678813	68,81232	5,537712
0,6879026	74,86391	1,460537
0,8021117	79,26352	5,682002
1,302981	49,74205	4,064581
2,37354	46,00504	4,954751
1,447491	47,50726	2,808536
7,708236	34,87956	4,888513
0,2328092	71,58363	5,609928
2,717417	40,72074	2,693053
0,8788868	76,27216	3,975091
5,427909	32,50265	2,913107
7,100027	28,5137	2,646549
0,1660771	71,14389	5,785563
6,57643	40,41768	5,750443
2,591311	41,66223	2,618839
5,913906	29,99012	1,635595
0,3270242	76,58544	4,342643
0,8501078	75,76746	2,06936
0,9175932	73,5137	5,678961
1,533698	49,61074	3,222807
1,493999	59,20281	4,671389
0,769634	46,39111	4,854013
0,6538529	76,44547	2,304247
1,555115	77,23692	1,784465
1,574966	50,00285	4,556474
1,243704	57,896	4,671389
6,319882	29,18002	2,038275
0,1964975	75,40884	4,591784
0,625385	51,68728	2,53679
0,3916918	47,88387	3,933647
0,8495853	50,00285	2,440393
3,570848	31,17399	2,913107
1,669474	68,39426	5,517582
0,6856914	74,41668	1,472251
0,7999293	78,83923	5,678961
1,367506	49,34327	4,040319
2,441342	45,62526	4,886207
1,520733	47,12058	2,776728
7,707784	34,73301	4,82656
0,2325562	71,14389	5,607947
2,736655	40,41768	2,618839
0,8763738	75,82014	3,971309
5,413584	32,20374	2,781142
7,093102	28,37459	2,62841
0,1659334	70,70418	5,775709
6,547358	40,11739	5,595016
2,642779	41,32857	2,545373
6,022827	29,89481	1,705131
0,326606	76,1448	4,339511
0,847535	75,31414	2,064321
0,9148929	73,08858	5,675929
1,605617	49,21074	3,186183
1,482695	58,76105	4,664324
0,7998043	46,0148	4,794008
0,651921	75,98915	2,295911
1,546408	76,77431	1,780209
1,651554	46,78619	4,375955
1,233512	57,45961	4,664324
6,363171	29,04831	2,059149
0,1962397	74,96564	4,587822
0,6771092	51,26159	2,513835
0,3783988	47,50533	3,88791
0,8879696	49,5814	2,446712
3,648875	30,95579	2,781142
1,660248	67,97637	5,497654
0,6835187	73,9694	1,483772
0,7977574	78,41505	5,675929
1,432952	48,94685	4,014939
2,771648	47,17951	5,078803
1,594442	46,73961	2,747674
7,706045	34,58604	4,764446
0,2323042	70,70418	5,605964
2,756697	40,11739	2,545373
0,8738734	75,36812	3,967576
5,400896	31,90938	2,654616
7,087437	28,23829	2,612498
0,1657902	70,2645	5,765875
6,518694	39,81985	5,442785
2,693803	40,99794	2,472768
6,124897	29,80015	1,770937
0,3261889	75,70419	4,336384
0,8449746	74,86086	2,059309
0,9122076	72,66356	5,672904
1,67774	48,81307	3,148613
1,470886	58,31991	4,656634
0,8306077	45,63177	4,736858
0,6500156	75,53291	2,28767
1,537804	76,31187	1,77604
1,304371	46,40759	4,316829
1,220529	57,02452	4,656634
6,406651	28,9195	2,080211
0,1959822	74,52246	4,583867
0,7312179	50,83714	2,48988
0,3658781	47,12981	3,840335
0,9279072	49,16111	2,453473
3,726943	30,73798	2,654616
1,651135	67,55863	5,477929
0,6813821	73,52207	1,495106
0,7955954	77,991	5,672904
1,499149	48,55281	3,988457
2,869255	46,78452	5,001384
1,667689	46,35735	2,717425
7,703065	34,43868	4,702195
0,2320525	70,2645	5,603986
2,77757	39,81985	2,472768
0,8713853	74,9161	3,963886
5,38984	31,61951	2,533482
7,083052	28,1047	2,598668
0,1656475	69,82485	5,756062
6,490437	39,52506	5,293706
2,744344	40,67038	2,401125
6,220838	29,7061	1,833037
0,3257726	75,26363	4,333263
0,8424264	74,40762	2,054326
0,9095373	72,23866	5,669886
1,749926	48,41777	3,11014
1,458719	57,87947	4,64818
0,861907	45,25138	4,677568
0,6481353	75,07674	2,279522
1,5293	75,84959	1,771958
1,37337	46,03104	4,256017
1,204823	56,59087	4,64818
6,450255	28,79346	2,101301
0,1957254	74,07931	4,579923
0,7873197	50,41398	2,464972
0,3545832	46,75731	3,790968
0,9693044	48,74202	2,460653
3,80491	30,52061	2,533482
1,642131	67,14105	5,4584
0,6792788	73,07469	1,506263
0,7934439	77,56708	5,669886
1,565938	48,16121	3,960886
2,939601	46,39171	4,922843
1,738746	45,97733	2,686305
7,69889	34,29095	4,639828
0,231801	69,82485	5,602009
2,799301	39,52506	2,401125
0,86891	74,46408	3,96024
5,380407	31,33406	2,417691
7,079962	27,97376	2,586773
0,1655049	69,38524	5,746267
6,462587	39,23298	5,147737
2,79437	40,34593	2,330554
6,311216	29,61262	1,891469
0,3253574	74,8231	4,330147
0,8398898	73,95441	2,049369
0,9068815	71,81388	5,666876
1,822044	48,02488	3,070806
1,446358	57,43985	4,638834
0,8716209	46,24046	2,417687
0,6462779	74,62066	2,271465
1,520896	75,38747	1,767961
1,442953	45,65825	4,195328
1,186464	56,15876	4,638834
6,493903	28,67005	2,122271
0,1954691	73,63618	4,575987
0,8450794	49,9922	2,439167
0,345052	46,66214	3,336294
1,012067	48,32753	2,463942
3,882647	30,30374	2,417691
1,633235	66,72363	5,439067
0,6772075	72,62727	1,517245
0,7913016	77,14327	5,666876
1,633168	47,77206	3,932246
3,008818	46,0022	4,84307
1,80978	45,60067	2,655912
7,693563	34,14291	4,577365
0,2315506	69,38524	5,600032
2,82191	39,23298	2,330554
0,8664472	74,01207	3,956635
5,372583	31,05298	2,307192
7,078212	27,8454	2,576675
0,1653627	68,94566	5,736492
6,435147	38,94361	5,004835
2,843854	40,02462	2,261155
6,396478	29,51967	1,946291
0,3249428	74,38262	4,327037
0,8373653	73,50124	2,04444
0,90424	71,38923	5,663874
1,894067	47,63482	3,031447
1,433989	57,00112	4,628472
0,9071594	45,85689	2,382083
0,6444427	74,16464	2,263492
1,51259	74,92551	1,76405
1,513891	45,28939	4,135018
1,165521	55,72832	4,628472
6,537507	28,54916	2,142996
0,1952135	73,19308	4,572058
0,904276	47,53969	3,359786
0,460959	46,29233	3,286496
1,055961	47,918	2,462891
3,960031	30,08741	2,307192
1,624444	66,30639	5,419925
0,6751661	72,17979	1,528061
0,7891695	76,71961	5,663874
1,700815	47,3858	3,904113
3,077092	45,61613	4,762108
1,881287	45,2275	2,626431
7,687126	33,99456	4,514827
0,2313006	68,94566	5,598055
2,845418	38,94361	2,261155
0,8639963	73,56007	3,953071
5,366353	30,7762	2,201934
7,077836	27,71955	2,568229
0,1652207	68,50612	5,726737
6,408116	39,16989	5,326966
2,892772	39,70651	2,193025
6,476979	29,42723	1,997572
0,3245291	73,94218	4,323933
0,8348523	73,0481	2,039539
0,9016132	70,9647	5,660879
1,965379	47,24335	2,986731
1,421811	56,56338	4,616971
0,9441719	45,47582	2,345604
0,642628	73,7087	2,255604
1,50438	74,46371	1,760219
1,585343	44,92282	4,073464
1,142071	55,29966	4,616971
6,580966	28,43069	2,163349
0,1949583	72,75001	4,56814
0,6448402	47,1525	3,329356
0,4653136	45,91959	3,240932
1,101093	47,51022	2,461621
4,036944	29,87168	2,201934
1,615756	65,88931	5,40097
0,6731529	71,73229	1,538718
0,7870477	76,29607	5,660879
1,768268	46,99813	3,870385
3,144162	45,23248	4,680229
1,952662	44,85677	2,596378
7,679615	33,84594	4,452238
0,231051	68,50612	5,59608
2,869839	36,24963	3,772631
0,8615577	73,10808	3,949547
5,361695	30,50366	2,101864
7,078857	27,59618	2,561334
0,1650788	68,0666	5,717
6,518203	38,85388	5,147964
2,934929	39,35754	2,115274
6,553009	29,33535	2,045462
0,3241165	73,50179	4,320834
0,8323514	72,595	2,034666
0,8990009	70,5403	5,657894
2,035713	46,85429	2,941192
1,410035	56,1267	4,604218
0,982641	45,09728	2,308301
0,6408331	73,25284	2,247798
1,496264	74,00207	1,756469
1,65722	44,56084	4,01386
1,116188	54,87288	4,604218
6,624172	28,31457	2,183275
0,1947038	72,30696	4,564229
0,701038	46,76769	3,2978
0,4721363	45,54969	3,194222
1,147379	47,10427	2,460108
4,113288	29,6566	2,101864
1,607169	65,4724	5,382197
0,6711659	71,28474	1,549219
0,7849353	75,87269	5,657894
1,835212	46,61289	3,835589
3,289231	45,59635	4,424299
2,023816	44,48996	2,568292
7,674025	33,70826	4,402841
0,2308019	68,0666	5,594108
2,296882	36,0387	3,625837
0,8591312	72,65609	3,946061
5,358588	30,23529	2,006925
7,081346	27,4753	2,55594
0,1649374	67,62714	5,707283
6,471784	38,54095	4,973284
2,970532	39,01262	2,040228
6,624949	29,2442	2,090236
0,3237048	73,06145	4,317739
0,8298617	72,14194	2,029818
0,8964024	70,11604	5,654915
2,105474	46,46769	2,89489
1,398885	55,69118	4,590107
1,022552	44,7213	2,270198
0,6390569	72,79704	2,240068
1,48824	73,54059	1,7528
1,730858	44,20346	3,956325
1,087952	54,44809	4,590107
6,667072	28,20082	2,202811
0,1944499	71,86395	4,560326
0,7585545	45,49203	3,382929
0,481786	45,18263	3,146432
1,19474	46,70019	2,458328
4,188964	29,44222	2,006925
1,598682	65,05569	5,363609
0,6692047	70,83715	1,559572
0,7828322	75,44942	5,654915
1,902002	46,23013	3,799759
3,354742	45,21346	4,342452
2,095584	44,12712	2,542223
7,669716	33,56942	4,351746
0,2305535	67,62714	5,592134
2,315747	35,82827	3,482939
0,8567166	72,20412	3,942613
5,357009	29,97103	1,917063
7,085309	27,35687	2,551904
0,1647964	67,1877	5,697585
6,426495	38,23114	4,802898
3,005905	38,67184	1,968007
6,693017	29,15375	2,13195
0,3232941	72,62115	4,31465
0,8273838	71,6889	2,024999
0,8938183	69,69189	5,651944
2,174348	46,0829	2,847688
1,388588	55,25691	4,574536
1,063888	44,34791	2,231339
0,6372986	72,34132	2,232416
1,480308	73,07927	1,749207
1,804862	43,84842	3,897807
1,057446	54,02538	4,574536
6,709572	28,08935	2,221857
0,1941965	71,42096	4,556432
0,6638317	45,12825	3,3422
0,7739379	46,30882	2,294236
1,243099	46,29804	2,456259
4,263884	29,2286	1,917063
1,590292	64,63915	5,345201
0,6672675	70,38953	1,569781
0,7807389	75,02632	5,651944
1,968352	45,84921	3,763993
3,418856	44,83298	4,260178
2,167038	43,76678	2,515699
7,663591	33,42949	4,299076
0,2303056	67,1877	5,590163
2,337467	35,61837	3,344004
0,8543137	71,75216	3,939201
5,356944	29,71079	1,832224
7,090727	27,24082	2,549069
0,1646557	66,74831	5,687907
6,382324	37,92447	4,636767
3,041132	38,33525	1,898714
6,757356	29,06392	2,170667
0,3228841	72,1809	4,311566
0,8249167	71,23592	2,020204
0,8912476	69,26789	5,648979
2,243113	45,70199	2,801589
1,379372	54,82397	4,55741
1,106629	43,97713	2,191779
0,6355571	71,88567	2,224835
1,472464	72,6181	1,745694
1,879151	43,4957	3,83837
1,024754	53,60485	4,55741
6,751542	27,98006	2,240308
0,1939437	70,978	4,552548
0,720596	44,76853	3,298589
0,8058624	45,91187	2,266451
1,292379	45,89787	2,453874
4,337964	29,01579	1,832224
1,581997	64,2228	5,326967
0,6653525	69,94189	1,579849
0,7786554	74,60335	5,648979
2,035026	45,47219	3,729221
3,481557	44,45496	4,177567
2,238103	43,40896	2,488749
7,655736	33,28853	4,244949
0,2300581	66,74831	5,588196
2,362032	35,40903	3,209082
0,8519224	71,30021	3,935823
5,358376	29,45452	1,752347
7,097573	27,12709	2,547287
0,1645152	66,30894	5,678247
6,339262	37,62098	4,474856
3,076313	38,00292	1,832439
6,818092	28,97469	2,206453
0,3224749	71,7407	4,308489
0,8224611	70,78296	2,015436
0,888691	68,84404	5,646022
2,311116	45,32368	2,754987
1,371466	54,39244	4,538644
1,15503	43,60873	2,152884
0,6338312	71,43008	2,217329
1,464709	72,15711	1,742254
1,929706	43,14566	3,779354
0,9899662	53,18658	4,538644
6,792847	27,87287	2,258075
0,1936915	70,53507	4,54867
0,7786816	44,41159	3,253856
0,8394717	45,51742	2,237823
1,34251	45,50042	2,450195
4,411128	28,80383	1,752347
1,573796	63,80665	5,308908
0,6634593	69,49421	1,589783
0,7765813	74,18053	5,646022
2,101299	45,09777	3,69367
3,542834	44,07941	4,094703
2,3087	43,05365	2,461379
7,646233	33,14662	4,189478
0,2298112	66,30894	5,586225
2,389398	35,20028	3,078225
0,8495432	70,84827	3,93248
5,3613	29,20214	1,677376
7,105769	27,01564	2,546412
0,164375	65,86962	5,668607
6,297289	37,32069	4,317124
3,111537	37,6749	1,769265
6,875335	28,88601	2,239373
0,3220667	71,30054	4,305417
0,8200164	70,33003	2,010696
0,886148	68,42033	5,643073
2,378292	44,94801	2,707938
1,365086	53,9624	4,518158
1,201214	43,24296	2,11343
0,6321211	70,97457	2,209891
1,45704	71,69627	1,738886
2,003887	42,79796	3,719582
0,953175	52,77068	4,518158
6,833357	27,7677	2,275091
0,1934399	70,09218	4,544802
0,8379486	44,05744	3,208058
0,8746892	45,12551	2,208402
1,393426	45,10509	2,446135
4,4833	28,59279	1,677376
1,565687	63,39069	5,29102
0,6615871	69,0465	1,599586
0,7745167	73,75787	5,643073
2,167091	44,72599	3,657381
3,602682	43,70635	4,011673
2,378762	42,70088	2,433641
7,635163	33,00382	4,132776
0,2295649	65,86962	5,584258
2,419486	34,99217	2,951461
0,8471749	70,39635	3,929171
5,365716	28,95358	1,607242
7,11523	26,90641	2,546307
0,1642351	65,43034	5,658987
6,219995	37,02363	4,164246
3,146899	37,35121	1,709258
6,929185	28,79782	2,269498
0,3216594	70,86044	4,30235
0,8175831	69,87715	2,005982
0,8836185	67,99676	5,640129
2,419819	44,57524	2,661808
1,360438	53,53394	4,495881
1,248758	42,87983	2,07348
0,6304256	70,51912	2,20252
1,449455	71,2356	1,735592
2,078112	42,45259	3,659127
0,914481	52,3572	4,495881
6,872966	27,66446	2,29128
0,193189	69,64931	4,540943
0,913117	43,70582	3,162567
0,9115139	44,73698	2,178223
1,445066	44,71192	2,441665
4,554407	28,38272	1,607242
1,557667	62,97493	5,273302
0,6597345	68,59877	1,609261
0,7724612	73,33537	5,640129
2,232345	44,35683	3,620372
3,661102	43,33582	3,92856
2,448239	42,35066	2,405567
7,622602	32,85948	4,074246
0,229319	65,43034	5,582293
2,452191	34,78439	2,829115
0,8448185	69,94445	3,925893
5,371633	28,70876	1,541876
7,125858	26,79933	2,546821
0,1640955	64,9911	5,649384
6,179037	36,72984	4,016205
3,182485	37,0319	1,652471
6,979722	28,71008	2,296864
0,3212532	70,42039	4,299288
0,8151607	69,42431	2,001293
0,8811029	67,57335	5,637192
2,484819	44,20517	2,615376
1,357712	53,10714	4,471747
1,297671	42,51942	2,033215
0,6287442	70,06374	2,195214
1,441954	70,77508	1,732369
2,152321	42,10948	3,598631
0,8739858	51,94622	4,471747
6,911535	27,56307	2,306578
0,1929385	69,20648	4,53709
0,974408	43,357	3,116161
0,9498938	44,35111	2,147355
1,497362	44,32097	2,436764
4,624377	28,17366	1,541876
1,549737	62,55938	5,25575
0,6579009	68,15102	1,618814
0,7704151	72,91302	5,637192
2,296997	43,99036	3,582719
3,703769	42,96787	3,846529
2,518485	42,00291	2,378248
7,607585	32,71364	4,013991
0,2290735	64,9911	5,580325
2,487126	34,57693	2,711197
0,8424736	69,49256	3,922647
5,379065	28,46762	1,481197
7,137516	26,69408	2,547555
0,1639562	64,5519	5,639801
6,138988	36,43931	3,872257
3,218375	36,71698	1,598939
7,027001	28,62193	2,320734
0,3208475	69,98039	4,296231
0,8127493	68,9715	1,996629
0,8786004	67,15008	5,634264
2,548825	43,83783	2,568703
1,357071	52,68208	4,445704
1,347931	42,16166	1,99259
0,6270763	69,60842	2,187972
1,434536	70,31471	1,729221
2,22645	41,76871	3,537597
0,8318046	51,53783	4,445704
6,948947	27,46305	2,320521
0,1926886	68,76367	4,533245
1,036568	43,01096	3,068905
0,9897037	43,96798	2,115859
1,550257	43,93229	2,431407
4,693131	27,96569	1,481197
1,541893	62,14404	5,238359
0,6560851	67,70324	1,628247
0,7683781	72,49083	5,634264
2,360962	43,62658	3,544465
3,759433	42,60248	3,764595
2,58601	41,65773	2,350701
7,551788	32,56706	3,953615
0,2288288	64,5519	5,578362
2,52436	34,37023	2,597422
0,8401394	69,0407	3,91943
5,388036	28,23006	1,425111
7,149592	26,59061	2,548382
0,1638171	64,11274	5,630238
6,099826	36,15209	3,732358
3,254643	36,40645	1,548684
7,069704	28,53334	2,341241
0,3204431	69,54046	4,293179
0,8103483	68,51872	1,991993
0,8761107	66,72697	5,631341
2,611799	43,47325	2,52184
1,358652	52,25884	4,417703
1,399486	41,80685	1,95185
0,6254215	69,15318	2,180794
1,427198	69,85452	1,726138
2,644239	42,44063	4,161877
0,7880574	51,13209	4,417703
6,984386	27,36432	2,333079
0,1924393	68,32091	4,529412
1,0995	42,66772	3,020861
1,030891	43,58762	2,083801
1,572197	41,31717	4,061589
4,760592	27,75886	1,425111
1,534135	61,72892	5,221129
0,6542867	67,25544	1,637565
0,7663502	72,0688	5,631341
2,424182	43,26552	3,505657
3,813704	42,23988	3,683435
2,652754	41,31717	2,325049
7,534531	32,41981	3,893197
0,2285846	64,11274	5,5764
2,563721	34,16431	2,487779
0,8378168	68,58884	3,916245
5,398566	27,99603	1,373513
7,162369	26,48911	2,549454
0,1636783	63,67363	5,620693
6,027256	35,86852	3,597532
3,29134	36,10101	1,502018
7,109381	28,44511	2,359272
0,3200394	69,10056	4,290132
0,8079579	68,06599	1,987381
0,8736338	66,30402	5,628427
2,67371	43,11145	2,474844
1,362564	51,83749	4,387705
1,45258	41,45189	1,9125
0,6237793	68,69798	2,173676
1,419939	69,39448	1,723122
2,71552	42,08401	4,088377
0,742879	50,72906	4,387705
7,018458	27,26722	2,344625
0,1921904	67,87817	4,525585
1,163105	42,32727	2,972099
1,073408	43,2101	2,051249
1,305406	40,98122	3,997601
4,826679	27,55322	1,373513
1,52646	61,31402	5,204061
0,6525051	66,80762	1,646768
0,7643314	71,64695	5,628427
2,486607	42,9072	3,466342
3,866388	41,87776	3,600027
2,722758	40,98122	2,30131
7,515963	32,27121	3,831276
0,2283407	63,67363	5,574439
2,625442	33,95886	2,38326
0,8355056	68,13701	3,91309
5,410681	27,76543	1,32628
7,175694	26,38954	2,550651
0,16354	63,23456	5,611167
5,988577	35,58867	3,467813
3,328907	35,80069	1,458891
7,146086	28,35717	2,374868
0,3196365	68,66073	4,287089
0,8055785	67,61329	1,982796
0,8711705	65,88124	5,625519
2,734526	42,75245	2,42777
1,368878	51,41813	4,35568
1,506561	41,09955	1,873046
0,6221488	68,24287	2,166616
1,412758	68,93461	1,720173
2,785476	41,72963	4,014126
0,6964204	50,32878	4,35568
7,051071	27,17166	2,35511
0,1919424	67,43547	4,521768
1,227296	41,9896	2,922686
1,117218	42,83545	2,018275
1,351651	40,64779	3,93296
4,891305	27,34885	1,32628
1,518867	60,89935	5,187147
0,6507393	66,35979	1,655864
0,7623214	71,22527	5,625519
2,548191	42,55164	3,426571
3,917176	41,51821	3,516963
2,792155	40,64779	2,277424
7,49508	32,12128	3,767933
0,2280976	63,23456	5,572479
2,670779	33,75391	2,283893
0,8332049	67,6852	3,909962
5,424397	27,53818	1,283268
7,189378	26,29184	2,551875
0,1634018	62,79554	5,601661
5,95054	35,31962	3,34956
3,366951	35,5196	1,419209
7,179854	28,26949	2,388085
0,3192345	68,22095	4,284055
0,8032092	67,16063	1,978235
0,86872	65,45863	5,622616
2,794226	42,39627	2,380667
1,377634	51,00082	4,321606
1,561729	40,74983	1,833547
0,6205301	67,78781	2,159614
1,405654	68,47489	1,71729
2,854373	41,37754	3,939219
0,6488567	49,93134	4,321606
7,082129	27,07759	2,364521
0,1916946	66,99281	4,517957
1,291985	41,65472	2,872692
1,162288	42,46371	1,984954
1,399281	40,31684	3,867742
4,954389	27,14581	1,283268
1,511355	60,48492	5,170385
0,6489888	65,91193	1,664853
0,7603205	70,80377	5,622616
2,608892	42,19886	3,386388
3,966619	41,16123	3,434324
2,860912	40,31684	2,253418
7,472989	31,97081	3,703987
0,2278549	62,79554	5,570519
3,427993	35,13284	1,419209
0,8309152	67,23341	3,906862
5,439728	27,31422	1,244318
7,203248	26,19597	2,553035
0,1632641	62,35656	5,592173
5,922922	35,0611	3,242162
3,414748	35,25681	1,382123
7,21075	28,18205	2,399
0,3188336	67,78123	4,281024
0,8008502	66,708	1,973702
0,8662818	65,03619	5,619721
2,852791	42,04296	2,333589
1,388832	50,58565	4,28547
1,618057	40,40438	1,793265
0,6189228	67,33282	2,152669
1,398626	68,01534	1,71447
2,922176	41,0293	3,862761
0,6003959	49,53676	4,28547
7,11157	26,98495	2,372831
0,1914479	66,55018	4,514156
1,357088	41,32262	2,822186
1,208588	42,09494	1,951365
1,787043	39,98838	3,802512
5,015841	26,94416	1,244318
1,503922	60,07071	5,153777
0,6472533	65,46407	1,673739
0,7583282	70,38245	5,619721
2,668677	41,84887	3,345845
4,014745	40,80807	3,353871
2,929006	39,98838	2,229318
7,449815	31,82012	3,639802
0,2276125	62,35656	5,568562
3,459356	34,87798	1,382123
0,8286362	66,78165	3,90379
5,456657	27,09345	1,209246
7,217138	26,10189	2,554047
0,1631265	61,91764	5,582703
5,895541	34,80559	3,137948
3,461953	34,99731	1,347093
7,238834	29,88207	4,191254
0,3184333	67,34156	4,277998
0,798502	66,25542	1,969191
0,8638567	64,61391	5,616833
2,910205	41,6925	2,286585
1,402443	50,17268	4,247269
1,693874	40,06184	1,752894
0,6173263	66,87789	2,145779
1,391671	67,55595	1,711716
2,98923	40,68214	3,78507
7,139322	26,89369	2,380044
0,1912013	66,10758	4,510361
1,422523	40,99331	2,77124
1,256095	41,72915	1,917585
1,740685	39,31658	4,276483
5,075582	26,74396	1,209246
1,496568	59,65676	5,137317
0,6455321	65,0162	1,682524
0,7563453	69,9613	5,616833
2,727514	41,50169	3,304989
4,062196	40,45787	3,273726
3,279301	40,36207	3,123947
7,425817	31,66937	3,57552
0,2273709	61,91764	5,566604
3,491164	34,62592	1,347093
0,8263682	66,3299	3,900746
5,475163	26,87579	1,177848
7,243097	26,029	2,573982
0,1629892	61,47875	5,573253
5,868368	34,55311	3,036883
3,508557	34,7411	1,314119
8,655409	29,7632	4,108479
0,3180338	66,90196	4,274979
0,7961634	65,80286	1,964706
0,8614442	64,19183	5,613952
2,935732	41,34495	2,240936
1,419352	49,76666	4,223711
1,754181	39,72197	1,712322
0,6157407	66,42302	2,138942
1,384791	67,09673	1,709024
3,054467	40,33601	3,707262
7,198438	26,83259	2,414258
0,1909553	65,66503	4,506577
1,488158	40,66639	2,720168
1,304791	41,36639	1,883699
1,551185	38,9973	4,195028
5,133542	26,5453	1,177848
1,489289	59,24312	5,120972
0,643825	64,56831	1,691211
0,7543706	69,54035	5,613952
2,785364	41,15695	3,263572
4,108538	40,11045	3,193314
3,336246	40,02231	3,069483
7,401012	31,51858	3,511188
0,2271298	61,47875	5,564648
3,523392	34,37665	1,314119
0,8241106	65,87818	3,897726
5,49518	26,66117	1,149901
7,281159	25,9574	2,592213
0,1628522	61,03992	5,563822
5,841377	34,30365	2,938931
3,554536	34,48818	1,283193
8,588251	29,64444	4,027367
0,3176355	66,46243	4,271963
0,7938352	65,35035	1,960245
0,8590438	63,76992	5,611076
2,990209	41,00029	2,195478
1,439788	49,36322	4,199145
2,00941	40,24602	0,6743803
0,6141648	65,96821	2,132157
1,377983	66,63766	1,706393
3,118304	39,99355	3,630924
7,278872	26,77093	2,443004
0,1907099	65,22251	4,502801
1,553911	40,34223	2,668799
1,354658	41,0067	1,849793
1,60068	38,6814	4,111874
5,189669	26,34824	1,149901
1,482087	58,8299	5,104694
0,6421308	64,1204	1,699802
0,7524047	69,11959	5,611076
2,842205	40,81503	3,221932
4,120402	39,76681	3,115196
3,391565	39,68597	3,016481
7,375422	31,36781	3,44685
0,2268892	61,03992	5,562696
3,556012	34,13018	1,283193
0,8218638	65,42648	3,894733
5,516632	26,4495	1,12517
7,318355	25,88694	2,608583
0,1627154	60,60114	5,554409
5,81454	34,05721	2,844054
3,599877	34,23856	1,254293
8,522347	29,5258	3,947857
0,3172379	66,02294	4,268953
0,7915174	64,89787	1,95581
0,8566556	63,3482	5,608208
3,043476	40,65856	2,150259
1,462811	48,9624	4,173576
2,071773	39,89559	0,6687753
0,6125993	65,51347	2,125425
1,371245	66,17876	1,703823
3,185929	39,65504	3,557387
7,346662	26,70872	2,466883
0,190465	64,78003	4,49903
1,619765	40,02084	2,617206
1,405681	40,65008	1,815952
1,65104	38,36914	4,027012
5,243926	26,15284	1,12517
1,474957	58,41719	5,088426
0,6404496	63,67249	1,708302
0,7504476	68,69903	5,608208
2,898038	40,47596	3,180119
4,144104	39,42709	3,039592
3,447134	39,35335	2,965107
7,349062	31,21708	3,382551
0,2266489	60,60114	5,560742
3,588993	33,88651	1,254293
0,8196275	64,97481	3,891765
5,539413	26,24071	1,103411
7,353953	25,81751	2,623004
0,1625789	60,16242	5,545014
5,787827	33,81381	2,752219
3,644561	33,99224	1,227384
8,457603	29,40732	3,869893
0,3168411	65,58353	4,265948
0,7892091	64,44544	1,951399
0,8542802	62,92667	5,605346
3,095524	40,31976	2,105324
1,488309	48,56427	4,147011
2,134643	39,54781	0,6633849
0,6110431	65,05878	2,118741
1,364577	65,72003	1,701308
3,249295	39,31892	3,483826
7,403997	26,64603	2,486386
0,1902208	64,33759	4,495269
1,685649	39,70221	2,565455
1,457846	40,29658	1,782264
1,702692	38,50064	4,17499
5,296292	25,95918	1,103411
1,467901	58,00512	5,072122
0,6387809	63,22457	1,71671
0,7484989	68,27866	5,605346
2,95285	40,13973	3,138179
4,186203	39,08994	2,964768
3,501699	39,02322	2,913892
7,321949	32,35398	4,621111
0,2264092	60,16242	5,558791
3,622292	33,64563	1,227384
0,8174016	64,52316	3,888822
5,563396	26,03473	1,084368
7,393409	25,76173	2,647794
0,1624429	59,72374	5,535638
5,761214	33,57345	2,663391
3,688574	33,74923	1,202426
8,404677	29,30789	3,812439
0,3164453	65,14419	4,262949
0,786911	63,99304	1,947012
0,8519167	62,50534	5,602489
3,146352	39,98392	2,060716
1,516145	48,16889	4,119455
2,198332	39,20408	0,6569268
0,6094962	64,60416	2,112107
1,357977	65,26146	1,698853
3,311754	38,98609	3,409263
7,461712	26,60186	2,520627
0,1899652	63,89519	4,491518
1,751499	39,38634	2,513617
1,511138	39,94621	1,748811
1,753732	38,18039	4,088719
5,346779	25,76731	1,084368
1,460915	57,59377	5,055721
0,6371242	62,77664	1,725029
0,7465585	67,8585	5,602489
3,006631	39,80637	3,09616
4,227527	38,75605	2,891993
3,555257	38,69624	2,862568
8,25822	32,15966	4,476935
0,2261702	59,72374	5,556839
3,655866	33,40756	1,202426
0,8151859	64,07154	3,885902
5,588427	25,83151	1,067787
7,435926	25,70894	2,672415
0,1623072	59,2852	5,52623
5,734671	33,33612	2,577533
3,731895	33,50952	1,179361
8,361802	29,21112	3,75801
0,3160503	64,7049	4,259955
0,7846227	63,54068	1,94265
0,8495645	62,0842	5,599639
3,195961	39,65105	2,016479
1,546167	47,7763	4,090923
2,262435	38,86303	0,6506103
0,6079586	64,1496	2,105521
1,351445	64,80305	1,696457
3,373103	38,65568	3,33487
7,519695	26,56013	2,553556
0,1888551	63,45283	4,487696
1,81725	39,07322	2,461761
1,565543	39,599	1,71568
1,806003	37,86267	4,0025
5,395416	25,57731	1,067787
1,454001	57,18325	5,039175
0,6354796	62,3287	1,733262
0,7446265	67,43855	5,599639
3,059378	39,47588	3,054108
4,267694	38,42475	2,820117
3,607618	38,37173	2,811532
8,511103	32,47915	4,825754
0,2259315	59,2852	5,554815
3,689663	33,17231	1,179361
0,8129804	63,61995	3,883005
5,61435	25,63096	1,053419
7,47937	25,65897	2,696606
0,1621717	58,84697	5,516673
5,708174	33,10184	2,494612
3,77451	33,27312	1,158123
8,32531	29,11666	3,706027
0,3156563	64,26569	4,256966
0,7823441	63,08836	1,938314
0,8472251	61,66328	5,596795
3,244355	39,32116	1,972649
1,578211	47,38655	4,061428
2,32693	38,52607	0,6430834
0,60643	63,6951	2,098982
1,34498	64,34482	1,694116
3,433253	38,32814	3,259406
7,575832	26,52061	2,584997
0,1865653	63,01051	4,483631
1,882844	38,76285	2,409956
1,621041	39,25496	1,682957
2,106605	37,54748	3,914376
5,44225	25,38923	1,053419
1,447473	56,77365	5,022429
0,6338461	61,88077	1,74141
0,7427034	67,01881	5,596795
3,111091	39,14827	3,012069
4,27562	38,09672	2,751331
3,658753	38,05006	2,760233
8,387167	32,2729	4,65956
0,2256934	58,84697	5,552556
3,723623	32,93987	1,158123
0,8107854	63,16838	3,880132
5,641	25,43305	1,041024
7,519036	25,60909	2,717655
0,1620362	58,40923	5,506848
5,681697	32,87062	2,414592
3,816404	33,04001	1,138638
8,286772	29,02057	3,652641
0,3152627	63,82654	4,253981
0,7800754	62,63607	1,934
0,8448974	61,24255	5,593959
3,291533	38,99426	1,929266
1,612104	46,99969	4,030984
2,392173	38,1918	0,6356624
0,6049098	63,24065	2,092488
1,33858	63,88675	1,691831
3,492426	38,00302	3,184307
7,623715	26,47935	2,611211
0,1836274	62,56823	4,479147
1,94823	38,45523	2,358262
1,67761	38,91412	1,650723
2,158837	37,2348	3,826551
5,487349	25,20313	1,041024
1,442163	56,36509	5,005412
0,6322241	61,43282	1,749478
0,7407883	66,59928	5,593959
3,161772	38,82354	2,970087
4,313017	37,77126	2,683562
3,708938	37,73087	2,709342
8,267986	32,06876	4,499184
0,2254558	58,40923	5,549889
3,757688	32,71026	1,138638
0,8086002	62,71684	3,877281
5,668208	25,23773	1,030373
7,55475	25,55927	2,735662
0,1619015	57,97216	5,496639
5,655223	32,64245	2,33744
3,857561	32,81021	1,120824
8,246367	28,92299	3,598024
0,3148702	63,38747	4,251001
0,7778156	62,18383	1,929707
0,842581	60,82205	5,591127
3,337595	38,67008	1,88597
1,647669	46,61576	3,999609
2,457755	37,86023	0,6283519
0,6033986	62,78628	2,086049
1,332244	63,42884	1,689599
3,550495	37,68034	3,109666
7,66407	26,43643	2,632577
0,1809222	62,126	4,474064
2,018196	38,14997	2,308789
1,735291	38,57686	1,619306
2,211782	36,92461	3,739152
5,530792	25,01905	1,030373
1,438061	55,95763	4,988061
0,6299809	60,98487	1,757443
0,7388812	66,17998	5,591127
3,162038	38,50183	2,931116
4,349267	37,44837	2,616868
3,758045	37,41413	2,658921
8,153238	31,86675	4,344426
0,2252186	57,97216	5,546645
3,791791	32,48349	1,120824
0,8064252	62,26533	3,874452
5,695811	25,04495	1,021253
7,586411	25,50949	2,750731
0,1617669	57,53594	5,485934
5,628733	32,41735	2,263123
3,897969	32,5837	1,104589
8,20426	28,82402	3,542341
0,3144788	62,94847	4,248026
0,7755658	61,73169	1,925406
0,8402763	60,40176	5,5883
3,382568	38,35119	1,844746
1,659062	46,23481	3,968353
2,523663	37,53138	0,6211563
0,6018977	62,33204	2,079714
1,325973	62,97112	1,687421
3,607462	37,3601	3,035578
7,697507	26,39193	2,649443
0,1796811	61,68381	4,468217
2,082926	37,84976	2,260353
2,265444	36,61691	3,6523
5,572666	24,83706	1,021253
1,435113	55,55139	4,970311
0,6255279	60,53692	1,765196
0,7369825	65,76091	5,5883
3,210331	38,1853	2,892031
4,3844	37,12805	2,5513
3,806118	37,09985	2,609029
8,042623	31,66689	4,195094
0,2249821	57,53594	5,542666
3,825859	32,25959	1,104589
0,8042602	61,81385	3,871644
5,723655	24,85468	1,013465
7,613985	25,45972	2,762985
0,1616323	57,10074	5,474623
5,602212	32,19531	2,191606
3,937617	32,36049	1,089843
8,160596	28,72379	3,485741
0,3140881	62,50954	4,245057
0,7733256	61,27967	1,921066
0,8379833	59,98171	5,58548
3,428329	38,03766	1,805603
1,697092	45,85687	3,936225
2,589878	37,20524	0,6140836
0,6004111	61,87801	2,073543
1,319764	62,51355	1,685295
3,663337	37,0423	2,962136
7,724558	26,34595	2,662132
0,1814145	61,24167	4,461439
2,152895	37,55461	2,212962
2,319821	36,31166	3,566117
5,613059	24,65718	1,013465
1,433271	55,14645	4,952103
0,6188774	60,08897	1,772602
0,7350919	65,34206	5,58548
3,259065	37,87399	2,852901
4,418442	36,8103	2,486912
3,853203	36,78804	2,559722
7,935851	31,46921	4,051009
0,2247459	57,10074	5,537791
3,859823	32,03855	1,089843
0,8021048	61,3624	3,868857
5,751598	24,6669	1,006834
7,637478	25,40995	2,772543
0,1614769	56,66672	5,4626
5,575652	31,97635	2,122854
3,976493	32,14055	1,076483
8,115496	28,62241	3,428363
0,3136981	62,07069	4,242092
0,7710943	60,82785	1,916656
0,8357016	59,56189	5,582652
3,472998	37,72721	1,767007
1,73628	45,48198	3,90325
2,656393	36,88181	0,6071434
0,59885	61,42426	2,067586
1,313616	62,05616	1,683218
3,718128	36,72696	2,889427
7,745683	26,29855	2,670938
0,1876984	60,79958	4,453567
2,222745	37,26221	2,165899
2,374912	36,00886	3,480717
5,65206	24,47946	1,006834
1,432489	54,7429	4,933373
0,6101677	59,64103	1,779535
0,7329928	64,92346	5,582652
3,306854	37,56566	2,81408
4,45143	36,49509	2,423753
3,899351	36,47867	2,511055
7,832651	31,27371	3,911998
0,2245104	56,66672	5,531863
3,893613	31,82041	1,076483
0,7999594	60,91098	3,866088
5,779505	24,48158	1,001198
7,656917	25,36018	2,779535
0,1607605	56,23403	5,449752
5,549049	31,76048	2,056836
4,014589	31,92391	1,064412
8,069073	28,52	3,370332
0,313309	61,63191	4,239133
0,7688724	60,37628	1,912122
0,8334314	59,14246	5,57968
3,516582	37,41985	1,728987
1,776453	45,11018	3,869453
2,723197	36,5611	0,6003473
0,5957802	60,97085	2,061829
1,307529	61,59894	1,681193
3,771845	36,41408	2,817542
7,761297	26,24982	2,676146
0,199842	60,35754	4,444454
2,292426	36,97256	2,119211
2,430708	35,70848	3,396218
5,689759	24,30394	1,001198
1,432727	54,34082	4,914073
0,5995856	59,19317	1,78594
0,7296075	64,5051	5,57968
3,353711	37,2603	2,77561
4,483392	36,18245	2,361871
3,944609	36,17175	2,463081
7,732758	31,08042	3,777904
0,2242752	56,23403	5,524736
3,927156	31,60517	1,064412
0,7978238	60,45964	3,863296
5,807261	24,29871	0,9964163
7,672367	25,3104	2,784088
0,159313	55,80285	5,435953
5,522406	31,5477	1,993515
4,051895	31,71054	1,053534
8,02143	28,41666	3,31177
0,3129207	61,19321	4,236179
0,7666564	59,92507	1,907397
0,8311726	58,72361	5,576378
3,55909	37,11557	1,69157
1,817445	44,74149	3,834863
2,790287	36,24309	0,5937183
0,5907702	60,51786	2,056183
1,301501	61,1419	1,679218
3,801052	36,10377	2,747433
7,771769	26,19984	2,678015
0,2185906	59,9156	4,433966
2,361888	36,68563	2,072956
2,48791	35,41039	3,313592
5,726234	24,13064	0,9964163
1,433946	53,94029	4,894145
0,5873711	58,74556	1,791815
0,7248796	64,08698	5,576378
3,39965	36,95792	2,737535
4,514359	35,87235	2,301317
3,989029	35,86726	2,415839
7,635925	30,88935	3,648576
0,2240407	55,80285	5,516262
3,960384	31,39286	1,053534
0,7956976	60,00845	3,860404
5,83476	24,11828	0,9923636
7,683905	25,26061	2,786325
0,157304	55,37331	5,421088
1,353504	63,66912	5,992601
5,495734	31,33802	1,932855
4,088406	31,50045	1,043747
7,972644	28,31249	3,252787
0,3125335	60,7546	4,23323
0,7644445	59,47432	1,902412
0,8289245	58,30552	5,572565
3,600535	36,81439	1,654783
1,8591	44,37597	3,799508
2,857564	35,92778	0,5872685
0,5839462	60,06535	2,050568
1,295533	60,68502	1,677293
3,852296	35,79605	2,679227
7,777423	27,24061	3,777237
0,2440583	59,4738	4,421979
2,431086	36,40142	2,02718
2,545657	35,11457	3,232986
0,9806866	58,30552	5,995356
5,761559	23,95961	0,9923636
1,436113	53,5414	4,87354
0,573822	58,29834	1,797165
0,7189904	58,59343	2,543496
3,444685	36,65851	2,699894
4,544435	35,56479	2,242126
4,03245	35,56519	2,36937
7,541909	30,70055	3,523874
0,2238065	55,37331	5,506306
3,993231	31,18349	1,043747
0,7935815	59,55748	3,857333
5,861912	23,94028	0,9889284
7,723554	25,22348	2,798479
0,1550107	54,94555	5,405044
1,347607	63,25152	5,971278
5,469042	31,13146	1,874821
4,124113	31,29363	1,034954
7,922799	28,2076	3,193485
0,3121469	60,31607	4,230285
0,7622342	59,02412	1,897109
0,8266878	57,88765	5,568725
3,640924	36,5163	1,618647
1,901267	44,01362	3,763416
2,925105	35,61518	0,5810061
0,5754943	59,61339	2,044902
1,289622	60,22833	1,675412
3,902478	35,4908	2,612151
8,715447	27,15691	3,70455
0,275888	59,03215	4,408372
2,499972	36,11992	1,981935
2,604095	34,82111	3,153647
1,20054	57,88765	5,968505
5,795795	23,79088	0,9889284
1,439244	53,15253	4,853527
0,5593046	57,85166	1,801992
0,7112046	58,19001	2,534127
3,488826	36,36207	2,662726
4,573591	35,25977	2,184338
4,075107	35,26554	2,323723
7,450476	30,51401	3,403663
0,223573	54,94555	5,494734
4,025634	30,97709	1,034954
0,7914743	59,10683	3,854013
5,888633	23,76472	0,9860203
7,778409	25,18464	2,80464
0,1528249	54,51971	5,387717
1,341763	62,83418	5,950099
5,442359	30,92802	1,819375
4,159012	31,09008	1,027066
7,871478	28,98909	4,061186
0,3117611	59,87762	4,227345
0,7600216	58,57455	1,891415
0,8244616	57,47055	5,564353
3,680271	36,22129	1,583192
1,943808	43,65448	3,726621
2,992908	35,30529	0,5749518
0,5656631	59,16205	2,039104
1,283769	59,77182	1,673579
3,951612	35,18802	2,546285
8,628788	27,07218	3,632668
0,3134957	58,59071	4,39303
2,568506	35,84111	1,937269
2,663192	34,53	3,075675
1,02537	56,34844	3,585964
5,829001	23,62447	0,9860203
1,44335	52,76528	4,83004
0,5442613	57,40566	1,8063
0,7026775	57,7875	2,52635
3,532096	36,0686	2,626061
4,601862	34,95727	2,127992
4,117051	34,96831	2,278938
7,318769	30,32977	3,289505
0,2233398	54,51971	5,481419
4,057535	30,77368	1,027066
0,7893769	58,65654	3,850368
5,914861	23,59159	0,9835566
7,82224	25,15412	2,815736
0,1512562	54,09594	5,369009
1,335973	62,41711	5,929064
5,415716	30,72772	1,766479
4,193096	30,88981	1,019994
8,569453	29,36005	4,425273
0,3113765	59,43925	4,224411
0,7575767	58,12571	1,885284
0,8222465	57,05433	5,559344
3,718589	35,92937	1,548437
1,986588	43,29859	3,689154
3,060979	34,99808	0,5691304
0,55477	58,71138	2,0331
1,277971	59,31552	1,671785
3,999709	34,88772	2,481711
8,553171	26,99645	3,571713
0,3562464	58,1495	4,375849
2,636642	35,565	1,893224
2,722919	34,24121	2,999164
1,042262	55,9422	3,564889
5,861223	23,46041	0,9835566
1,448193	52,37962	4,802628
0,5292219	56,9605	1,810091
0,6931528	57,38587	2,520396
3,574508	35,7781	2,58994
4,629282	34,6573	2,073129
4,158319	34,67348	2,235052
7,189345	30,14786	3,180479
0,2231162	54,09594	5,466242
4,088879	30,57327	1,019994
0,7872886	58,20671	3,846321
5,94053	23,42091	0,9814634
7,860638	25,12703	2,826704
0,1509213	53,67432	5,34883
1,330235	62,00032	5,908168
5,389151	30,53056	1,716089
4,226359	30,69281	1,013657
8,797494	29,20732	4,277951
0,3109923	59,00101	4,221473
0,7541592	57,67768	1,878698
0,8200423	56,63908	5,553592
3,75589	35,64054	1,514407
2,029485	42,94595	3,651048
3,129323	34,69379	0,5633563
0,5432067	58,26145	2,026812
1,271673	58,85955	1,669995
4,04678	34,59006	2,418707
8,492301	26,92453	3,515232
0,4035484	57,70857	4,35674
2,704347	35,29156	1,849847
2,795313	33,95457	2,925109
1,062516	55,53701	3,542223
5,892502	23,29873	0,9814634
1,453866	51,99664	4,773982
0,5148094	56,5163	1,81337
0,682826	56,98571	2,514413
3,616081	35,49055	2,55439
4,655888	34,35983	2,019782
4,170315	34,38118	2,193
7,102673	29,9683	3,076501
0,2229124	53,67432	5,449106
4,119616	30,3759	1,013657
0,7852097	57,75745	3,841769
5,965591	23,25269	0,9796864
7,889157	25,09773	2,832313
0,1525053	53,25501	5,327098
1,324548	61,58381	5,887415
5,36271	30,33656	1,668165
4,258794	30,49909	1,007975
8,650376	29,05599	4,137164
0,3106092	58,5629	4,218523
0,7497362	57,2308	1,871337
0,817849	56,22492	5,546993
3,792186	35,35479	1,481125
2,072387	42,59661	3,61234
3,19808	34,39243	0,5576617
0,5314464	57,81268	2,020636
1,264103	58,40405	1,668185
4,093066	34,29504	2,357349
8,433382	26,85073	3,457437
0,4548814	57,26796	4,335629
2,771575	35,0208	1,807181
2,857143	33,67006	2,853611
1,086158	55,13293	3,517978
5,92287	23,13947	0,9796864
1,460346	51,6164	4,744074
0,4609852	57,30885	2,82861
0,6719112	56,58704	2,508371
3,656835	35,20596	2,519441
4,681839	34,06486	1,96799
4,210706	34,09138	2,152844
7,017585	29,79112	2,976645
0,222715	53,25501	5,429924
4,1497	30,18157	1,007975
0,783139	57,30885	3,836594
5,990001	23,08694	0,9781722
7,906893	25,06663	2,833371
0,1566863	52,83809	5,303737
1,318914	61,16759	5,866799
5,336445	30,14574	1,622662
4,290395	30,30865	1,002881
8,507839	28,90611	4,001846
0,3102267	58,12495	4,215553
0,744352	56,78519	1,863129
0,8156662	55,81195	5,539449
3,827493	35,07213	1,448609
2,115186	42,25057	3,573061
3,267112	34,09374	0,5522922
0,5201556	57,36521	2,014613
1,255286	57,94912	1,666332
4,138366	34,00252	2,297507
8,371824	26,77549	3,398841
0,5097963	56,82772	4,312446
2,838289	34,75271	1,765264
2,919534	33,38784	2,783849
1,113155	54,73007	3,492162
5,952353	22,98264	0,9781722
1,467614	51,23898	4,712882
0,446154	56,86105	2,821992
0,6606607	56,18993	2,502237
3,69679	34,92432	2,485124
4,707068	33,77241	1,917785
4,250538	33,80397	2,113719
6,933909	29,61635	2,880824
0,2225154	52,83809	5,408616
4,17909	29,99033	1,002881
0,7810762	56,86105	3,830683
6,013719	22,92367	0,9768788
7,915229	25,0338	2,83033
0,1640397	52,42366	5,27868
1,313329	60,75166	5,84632
5,310415	29,9581	1,579532
4,321153	30,1215	0,9983096
8,369515	28,75773	3,871819
0,3098452	57,68719	4,212554
0,7380708	56,34072	1,854364
0,813494	55,40027	5,530859
3,861822	34,79255	1,416882
2,157785	41,90786	3,533249
3,336425	34,66166	1,480521
0,509892	56,91878	2,008248
1,245269	57,49489	1,664411
4,182696	33,71248	2,239244
8,307936	26,69895	3,339617
0,5679009	56,3879	4,287126
2,904457	34,48727	1,724137
2,982435	33,1079	2,715891
1,143427	54,3285	3,464798
5,980972	22,82828	0,9768788
1,475648	50,86446	4,680381
0,4355637	56,41414	2,814287
0,6493654	55,7944	2,495981
3,735963	34,64564	2,451461
4,731619	33,48245	1,869197
4,289843	33,51893	2,075651
6,85148	29,44403	2,78896
0,2223089	52,42366	5,385109
4,207749	29,80217	0,9983096
0,7790205	56,41414	3,823929
6,036713	22,76292	0,9757718
7,915277	24,99936	2,823586
0,1749526	52,01183	5,251871
1,307794	60,33604	5,825976
5,284683	29,77367	1,538726
4,351058	29,93764	0,9941998
8,235057	28,6109	3,746919
0,3094644	57,24964	4,209511
0,7309772	55,89746	1,845034
0,8113319	54,98999	5,521127
3,895194	34,51604	1,385964
2,200097	41,5685	3,49294
3,700918	34,34278	1,424198
0,5013839	56,47342	2,001481
1,234114	57,04147	1,662402
4,229811	33,42941	2,191618
8,241973	26,62123	3,27993
0,6288496	55,94855	4,259621
2,970038	34,22449	1,683836
3,044632	32,83434	2,640809
1,176847	53,9283	3,43591
6,008739	22,67643	0,9757718
1,484432	50,49288	4,646566
0,4305554	55,96825	2,805489
0,638356	55,40049	2,489565
3,774376	34,36991	2,418475
4,756076	33,19818	1,8203
4,330622	33,23955	2,045117
6,770147	29,27419	2,700983
0,2220975	52,01183	5,35934
4,23564	29,61714	0,9941998
0,7769715	55,96825	3,816225
6,058958	22,60471	0,9748178
7,907944	24,9634	2,813501
0,1895911	51,60268	5,223258
1,302307	59,92072	5,805765
5,259316	29,59246	1,500191
4,380103	29,75709	0,9904984
8,104128	28,46568	3,626994
0,3090845	56,81234	4,206412
0,7231755	55,45549	1,835141
0,8091807	54,58406	5,507547
3,927623	34,24262	1,355876
2,242038	41,23251	3,452171
3,746542	34,02731	1,371395
0,4954178	56,26769	2,368254
1,221897	56,58897	1,660286
4,279673	33,14857	2,14504
8,174149	26,54247	3,219934
0,6923305	55,50972	4,229887
3,034997	33,96436	1,644398
3,105963	32,56288	2,568514
1,213253	53,53096	3,406924
6,035665	22,52711	0,9748178
1,493951	50,12431	4,61143
0,432331	55,52346	2,795595
0,6843656	59,92072	5,507547
3,812048	34,09712	2,386191
4,780431	32,91631	1,773018
4,37288	32,9624	2,015293
6,689775	29,10687	2,616827
0,2218901	51,60268	5,331255
4,262733	29,43524	0,9904984
0,7746047	55,52346	3,80748
6,080422	22,44906	0,9739937
7,893975	25,69237	3,588375
0,2079273	51,19629	5,192801
1,296868	59,50572	5,785689
5,234381	29,41449	1,463872
4,408278	29,57985	0,9871588
7,976411	28,32212	3,511903
0,3087053	56,37532	4,203244
0,7148018	55,01466	1,824945
0,8071217	54,18319	5,489472
3,959127	33,97227	1,326634
2,283535	40,8999	3,41098
3,792942	33,71522	1,322203
0,5013729	55,8219	2,358588
1,208712	56,13751	1,658041
4,328541	32,86996	2,099561
8,104642	26,4628	3,15976
0,7580597	55,07145	4,197888
3,099298	33,70687	1,605856
3,16746	32,29351	2,499082
1,252712	53,13686	3,37817
6,061759	22,38036	0,9739937
1,504192	49,7588	4,574971
0,4417375	55,07952	2,784232
0,6935508	59,50572	5,489472
3,849002	33,82727	2,354625
4,804156	32,63681	1,72737
4,414656	32,68747	1,986194
6,61024	28,9421	2,536434
0,2217033	51,19629	5,300809
4,288999	29,25652	0,9871588
0,7715673	55,07952	3,79802
6,101086	22,29601	0,9732776
8,567449	25,629	3,521138
0,2298031	50,79272	5,16047
1,291913	59,09107	5,765752
5,209942	29,23977	1,429709
4,435568	29,40594	0,9841381
7,851614	28,18028	3,40152
0,3083383	55,93861	4,199992
0,7060056	54,57531	1,81415
0,8053845	53,78485	5,469216
3,989725	33,70499	1,298261
2,32452	40,5707	3,369399
3,840263	33,40649	1,276691
0,4999725	55,37725	2,348199
1,194668	55,68718	1,65565
4,376424	32,59357	2,055232
8,033595	26,38235	3,099534
0,825775	54,6338	4,163601
3,162906	33,45203	1,568243
3,229017	32,02624	2,432566
1,294842	52,74479	3,348394
6,08702	22,23621	0,9732776
1,515144	49,39642	4,537195
0,4591872	54,63691	2,771796
0,7075248	59,09107	5,469216
3,885256	33,56036	2,323794
4,827285	32,35968	1,683369
4,455967	32,41476	1,95783
6,531443	28,77993	2,45975
0,2215637	50,79272	5,267967
4,314413	29,08098	0,9841381
0,767863	54,63691	3,787411
6,120928	22,14559	0,9726509
8,463945	25,56797	3,458454
0,2549981	50,39204	5,126239
1,288367	58,67678	5,745906
5,186064	29,06833	1,397643
4,461966	29,23536	0,9813951
7,729452	28,04022	3,295726
0,3080032	55,50224	4,196657
0,6969483	54,13747	1,80248
0,80395	53,38918	5,446684
4,019439	33,44078	1,270773
2,364933	40,2449	3,327471
3,888627	33,10107	1,234898
0,4411938	56,68262	3,978149
1,179889	55,23811	1,653092
4,42333	32,3194	2,012101
1,560953	39,7676	3,327471
8,594901	27,40556	4,173688
0,8952272	54,19683	4,127012
3,225784	33,19983	1,531588
3,290533	31,76104	2,369002
1,339433	52,35484	3,317652
6,111452	22,0947	0,9726509
1,526801	49,03719	4,498117
0,484635	54,19566	2,758237
0,7266172	58,67678	5,446684
3,920829	33,29639	2,293714
4,84985	32,0849	1,641029
4,49683	32,14424	1,930209
6,453291	28,6204	2,386724
0,2215094	50,39204	5,232701
4,338949	28,90865	0,9813951
0,7634978	54,19566	3,775661
6,139931	21,99782	0,9720984
8,397099	25,51293	3,40281
0,2832761	49,99431	5,090096
1,286209	58,26289	5,726097
5,162805	28,90018	1,367611
4,487457	29,06815	0,9789004
7,609658	27,90199	3,194416
0,3077137	55,06626	4,193246
0,6877875	53,70132	1,789858
0,8027825	52,99626	5,42179
4,048289	33,17965	1,244187
2,397457	39,9147	3,241494
3,938116	32,79894	1,196828
0,4534914	56,23197	3,955621
1,164514	54,79038	1,650354
4,469274	32,04742	1,970212
1,275611	39,466	3,241494
8,844215	27,2892	4,042634
0,9661815	53,76059	4,088114
3,287896	32,95027	1,495921
3,351908	31,49791	2,308399
1,386268	51,96711	3,286
6,13505	21,95587	0,9720984
1,539152	48,68117	4,457754
0,5174139	53,75599	2,74371
0,7509936	58,26289	5,42179
3,955743	33,03535	2,2644
4,871882	31,81245	1,600358
4,537256	31,87589	1,903334
6,37573	28,46355	2,317311
0,2215926	49,99431	5,194997
4,362585	28,73956	0,9789004
0,758478	53,75599	3,762594
6,158076	21,85276	0,9716078
8,333677	25,45654	3,346023
0,3144167	49,59958	5,052033
1,285396	57,84944	5,706277
5,140215	28,73535	1,339546
4,512029	28,9043	0,9766172
7,491983	27,76565	3,097492
0,3075069	54,6307	4,189759
0,6787696	53,267	1,776525
0,8018453	52,60622	5,394456
4,076302	32,92159	1,218517
2,421876	39,58842	3,155915
3,988776	32,50004	1,162453
0,4745601	55,78202	3,931265
1,148698	54,34409	1,64742
4,514272	31,77765	1,929606
1,338513	39,1676	3,155915
8,678074	27,17392	3,917123
1,038413	53,32514	4,046908
3,349202	32,70335	1,461265
3,413052	31,23684	2,250744
1,435128	51,58166	3,253493
6,15781	21,81977	0,9716078
1,552198	48,32838	4,416132
0,5569896	53,31812	2,728331
0,7806579	57,84944	5,394456
3,990015	32,77724	2,235862
4,893416	31,54233	1,561359
4,577257	31,6097	1,877208
6,298721	28,30943	2,251465
0,2218818	49,59958	5,154842
4,385302	28,57373	0,9766172
0,7528182	53,31812	3,748075
6,175345	21,71045	0,9711672
8,264907	25,39896	3,288401
0,3482252	49,20788	5,012057
1,285898	57,43644	5,686395
5,118338	28,57385	1,31338
4,535666	28,74385	0,9745234
7,376194	27,63126	3,00487
0,3074411	54,1956	4,186194
0,6701399	52,83459	1,762486
0,8011006	52,21916	5,364609
4,103501	32,6666	1,193781
2,445411	39,26609	3,070869
4,040602	32,20432	1,131701
0,5041516	55,33283	3,905055
1,132612	53,89934	1,644275
4,558342	31,51005	1,890321
1,400976	38,87242	3,070869
8,516214	27,0598	3,796984
1,111711	52,89054	4,003415
3,409664	32,45909	1,427646
3,473883	30,97783	2,195998
1,485798	51,1986	3,220191
6,179724	21,68644	0,9711672
1,565934	47,97886	4,373282
0,6025493	52,88214	2,712116
0,8154685	57,43644	5,364609
4,023664	32,52206	2,208108
4,91448	31,27451	1,524034
4,616845	31,34566	1,85183
6,222262	28,15808	2,189142
0,2224644	49,20788	5,112248
4,407079	28,4112	0,9745234
0,7465367	52,88214	3,732069
6,191726	21,57092	0,9707695
8,146399	25,33975	3,23139
0,3845355	48,81925	4,970179
1,287697	57,02394	5,666403
5,097205	28,41573	1,289044
4,558355	28,58681	0,9725938
7,17573	27,4989	2,919075
0,3075945	53,76101	4,182549
0,6502282	52,40402	1,748238
0,8005134	51,83516	5,33219
4,129914	32,40926	1,160408
2,468086	38,94775	2,986483
4,093525	31,91173	1,104465
0,5415958	54,8847	3,877181
1,116443	53,45623	1,640907
4,601507	31,24463	1,852389
1,462958	38,58045	2,986483
8,357636	26,94643	3,681555
1,185871	52,45686	3,957653
3,46924	32,2122	1,403752
2,582271	31,66187	2,656736
3,534332	30,72088	2,144099
1,538068	50,81799	3,186152
6,200789	21,55592	0,9707695
1,580363	47,63263	4,329234
0,6400433	52,44833	2,695738
0,8551682	57,02394	5,33219
4,05671	32,26428	2,170819
4,935105	31,00898	1,488378
4,656027	31,08374	1,827196
6,146375	28,00957	2,130303
0,2234489	48,81925	5,067222
4,427896	28,25198	0,9725938
0,7396563	52,44833	3,714339
6,207201	21,43424	0,9704074
8,069122	25,27899	3,173331
0,4232068	48,43372	4,926418
1,290785	56,61197	5,646255
5,076839	28,26099	1,266466
4,580084	28,43321	0,9708124
7,064679	27,36863	2,838263
0,3080629	53,32698	4,178813
0,6439528	51,97534	1,733798
0,8000464	51,45431	5,297151
4,142035	32,14937	1,120014
2,489938	38,63343	2,902884
4,14743	31,62219	1,0806
0,5860112	54,43769	3,847634
1,100394	53,01484	1,637302
4,643794	30,98137	1,815838
1,524423	38,2917	2,902884
8,154753	26,83423	3,572969
1,260697	52,02414	3,909654
3,504737	31,96256	1,387241
2,661825	31,4357	2,568213
3,594359	30,46597	2,094961
1,591736	50,43991	3,151435
6,220987	21,42827	0,9704074
1,595489	47,28971	4,284037
0,6939037	52,01679	2,679229
0,899413	56,61197	5,297151
4,078275	32,0037	2,126951
4,955312	30,74572	1,454385
4,694812	30,82394	1,803298
6,07113	27,86394	2,074901
0,2249677	48,43372	5,019787
4,447736	28,0961	0,9708124
0,7322044	52,01679	3,694851
6,221754	21,30044	0,9700722
7,98754	25,21751	3,115174
0,4641217	48,05131	4,880804
1,29516	56,20057	5,62591
5,057255	28,10966	1,245575
4,600837	28,28306	0,9691594
6,955199	27,24051	2,761489
0,3089571	52,89355	4,174984
0,6390744	51,54876	1,718688
0,7996634	51,07669	5,259452
4,15339	31,89273	1,081355
2,511	38,32314	2,820193
4,202149	31,33566	1,059926
0,636429	53,99165	3,8162
1,08468	52,57524	1,63345
4,685236	30,72026	1,780691
1,585331	38,00618	2,820193
8,001275	26,72346	3,469432
1,336004	51,59247	3,859462
3,539108	31,71594	1,372084
2,740825	31,21164	2,48262
3,653934	30,21311	2,04848
1,646608	50,06445	3,116098
6,240316	21,30354	0,9700722
1,611317	46,95014	4,237731
0,7517272	51,58739	2,661954
0,9478054	56,20057	5,259452
4,099495	31,74619	2,084612
4,97513	30,48472	1,422042
4,73321	30,56622	1,780127
5,996621	27,72123	2,022891
0,2271754	48,05131	4,969974
4,466583	27,94359	0,9691594
0,7242169	51,58739	3,673792
6,235373	21,16958	0,9697612
7,90304	25,15546	3,057105
0,5071811	47,67202	4,833373
1,300828	55,78976	5,605324
5,038445	27,96177	1,226297
4,620599	28,13639	0,9676191
6,847215	27,11461	2,688692
0,3103987	52,46078	4,171047
0,635933	51,12435	1,702921
0,7993301	50,70236	5,219063
4,164042	31,63935	1,04446
2,53131	38,01692	2,738532
4,257474	31,05207	1,042238
0,691925	53,54666	3,782882
1,069536	52,13755	1,629339
4,725868	30,46129	1,746966
1,645645	37,72389	2,738532
7,850634	26,61421	3,370833
1,411614	51,16191	3,807127
3,572575	31,47234	1,358341
2,819145	30,98969	2,399988
3,713054	29,96229	2,004535
1,702504	49,69164	3,080199
6,258759	21,18178	0,9697612
1,627857	46,61391	4,190365
0,8129092	51,16019	2,643936
0,9999213	55,78976	5,219063
4,120409	31,49174	2,043833
4,994574	30,22595	1,391335
4,771227	30,31058	1,757672
5,922986	27,5815	1,974221
0,2302512	47,67202	4,917824
4,484418	27,79447	0,9676191
0,7157377	51,16019	3,651147
6,248045	21,04172	0,9694684
8,344566	25,99608	3,964685
0,5522991	47,29588	4,78417
1,307798	55,3796	5,584455
5,020396	27,81734	1,20856
4,639354	27,99322	0,9661757
6,740695	26,99101	2,619817
0,312518	52,02873	4,166987
0,6348717	50,70215	1,686517
0,7990125	50,33138	5,17597
4,174066	31,38925	1,009353
2,55091	37,71478	2,658012
4,313175	30,77138	1,027307
0,7516693	53,10279	3,747689
1,055205	51,70182	1,624961
4,76573	30,20445	1,714673
1,705329	37,44485	2,658012
7,702579	26,50657	3,27707
1,487358	50,73253	3,752708
3,605403	31,23177	1,346074
2,896668	30,76988	2,320342
3,771731	29,71349	1,962996
1,75925	49,32156	3,0438
6,276306	21,06305	0,9694684
1,645116	46,28104	4,141997
0,8769301	50,73528	2,625194
1,055327	55,3796	5,17597
4,141057	31,24038	2,004638
5,013659	29,96941	1,362243
4,808872	30,057	1,735918
5,850401	27,44482	1,928834
0,2343937	47,29588	4,863387
4,501227	27,64879	0,9661757
0,7068206	50,73528	3,626908
6,259752	20,91691	0,9691902
8,551052	25,90709	3,850945
0,5994026	46,92288	4,733245
1,316079	54,97012	5,563266
5,003088	27,67642	1,192291
4,657086	27,85359	0,9648192
6,635654	26,8698	2,554815
0,3154483	51,60305	4,15685
0,6362268	50,28222	1,669498
0,79868	49,9638	5,130157
4,183536	31,14242	0,9760566
2,56984	37,41673	2,578746
4,36901	30,49354	1,014892
0,8149384	52,6601	3,710641
1,041945	51,26814	1,62031
4,80487	29,94973	1,683818
1,764344	37,16906	2,578746
7,556906	26,40063	3,188053
1,56308	50,30713	3,698274
3,637899	30,99425	1,33533
2,973279	30,55224	2,243695
3,829995	29,46671	1,923726
1,816687	48,95427	3,006957
6,292941	20,94742	0,9691902
1,663112	45,95154	4,092686
0,9433486	50,31269	2,605754
1,113598	54,97012	5,130157
4,161472	30,9921	1,967047
5,032397	29,71507	1,334743
4,846154	29,80546	1,714848
5,779067	27,31122	1,886665
0,2985444	55,09423	4,15685
4,516994	27,50656	0,9648192
0,6975307	50,31269	3,601069
6,270482	20,79523	0,9689214
8,366922	25,8192	3,74282
0,6484269	46,55305	4,680657
1,325685	54,56137	5,541722
4,986482	27,53901	1,177418
4,673782	27,71752	0,9635414
6,532143	26,75104	2,493634
0,3190071	51,19647	4,127161
0,6403137	49,86459	1,651888
0,7983043	49,59968	5,081628
4,192536	30,8989	0,9445876
2,58814	37,12281	2,500839
4,424741	30,2185	1,004745
0,8811141	52,21867	3,671765
1,030021	50,83657	1,61538
4,843334	29,6971	1,654399
1,822652	36,89653	2,500839
7,41344	26,2965	3,103699
1,639864	49,89196	3,648398
3,670399	30,7598	1,326148
3,048869	30,33678	2,170057
3,887881	29,22194	1,886584
1,874664	48,58983	2,969734
6,30865	20,83494	0,9689214
1,681857	45,62541	4,042495
1,011785	49,8925	2,585641
1,174324	54,56137	5,081628
4,181691	30,74693	1,931082
5,050796	29,46292	1,308811
4,883081	29,55594	1,694443
5,709223	27,18077	1,847642
0,6180601	54,66392	4,127161
4,531701	27,36782	0,9635414
0,687947	49,8925	3,573629
6,28022	20,67673	0,9686617
8,186546	25,73253	3,640179
0,6993213	46,18644	4,626471
1,336622	54,1534	5,519787
4,970534	27,40516	1,163868
4,689426	27,58503	0,9623325
6,430274	26,63482	2,43623
0,3234298	50,7927	4,09527
0,647414	49,44932	1,633717
0,7978612	49,23904	5,030399
4,201146	30,65869	0,9149594
2,605855	36,83302	2,424394
4,480151	29,94623	0,9966187
0,9496647	51,77855	3,631092
1,0197	50,40719	1,610163
4,881176	29,44657	1,626412
1,880217	36,62728	2,424394
7,272058	26,19427	3,023936
1,717011	49,47913	3,597249
3,703253	30,52843	1,318552
3,123333	30,12354	2,099424
3,945434	28,97917	1,851433
1,933042	48,22829	2,93218
6,323419	20,72569	0,9686617
1,701367	45,30267	3,991489
1,081915	49,47476	2,564878
1,237115	54,1534	5,030399
4,201742	30,50488	1,896755
5,068859	29,21294	1,284415
4,919662	29,30844	1,674683
5,641121	27,05352	1,811685
0,6849716	54,23439	4,09527
4,545334	27,23259	0,9623325
0,6781639	49,47476	3,544596
6,288949	20,56149	0,9684067
8,009662	25,6472	3,542907
0,7520368	48,10395	4,781193
1,348896	53,74627	5,497432
4,955189	27,27489	1,151572
4,703998	27,45617	0,9611826
6,330208	26,52123	2,38255
0,3289406	50,3918	4,061159
0,6577626	49,03643	1,615014
0,7973315	48,88192	4,97649
4,209442	30,42183	0,8871825
2,623027	36,54737	2,349506
4,535043	29,67671	0,9902752
1,020135	51,33981	3,588664
1,011252	49,98007	1,604658
4,918448	29,19811	1,599842
1,937003	36,36132	2,349506
7,132674	26,09406	2,948695
1,79403	49,0687	3,544907
3,736805	30,30017	1,312549
3,19657	29,91254	2,031787
4,002694	29,22418	1,513267
1,990564	47,86995	2,89505
6,337229	20,61973	0,9684067
1,704524	44,98276	3,941766
1,153452	49,05953	2,543493
1,30161	53,74627	4,97649
4,221654	30,26598	1,864071
5,086589	28,96511	1,261522
4,955906	29,06293	1,655548
5,575031	26,92953	1,778701
0,7536605	50,70258	1,543691
4,557877	27,10092	0,9611826
0,668294	49,05953	3,513979
6,296659	20,44957	0,9681556
7,83604	25,56333	3,450897
1,113985	47,71905	4,741344
1,362508	53,34001	5,474623
4,940384	27,14824	1,140462
4,717485	27,33095	0,9600855
6,232164	26,41036	2,332546
0,3359917	49,98222	4,042439
0,6715379	48,62596	1,59581
0,7967017	48,52833	4,919936
4,217494	30,18834	0,8612601
2,639697	36,26588	2,27627
4,589553	29,42062	0,9847746
1,092135	50,90253	3,544527
1,004937	49,55527	1,598859
4,956411	28,9553	1,576007
1,99297	36,09867	2,27627
6,995262	25,99597	2,877915
1,871025	48,66185	3,494592
3,771374	30,07503	1,308124
3,268488	29,70382	1,967129
4,323645	28,98276	1,493451
2,049189	47,51461	2,857687
6,350068	20,51714	0,9681556
1,72557	44,66623	3,891404
1,22615	48,64684	2,521511
1,367465	53,34001	4,919936
4,241446	30,03026	1,833032
5,106936	28,72212	1,241675
4,992979	28,8221	1,639221
5,511218	26,80886	1,74859
0,6117921	50,28677	1,524866
4,569316	26,97283	0,9600855
0,658471	48,64684	3,481795
6,303333	20,34106	0,9679056
7,665517	25,48106	3,364057
1,185044	47,33685	4,700056
1,377452	52,93469	5,451333
4,926052	27,02524	1,130472
4,729873	27,20941	0,9590372
6,136411	26,3023	2,286158
0,344824	49,57485	4,02262
0,6888567	48,21902	1,575446
0,7959661	48,17831	4,860776
4,225355	29,95827	0,8371928
2,655904	35,98855	2,204775
4,643617	29,16712	0,9802427
1,165321	50,4662	3,498217
1,001006	49,13285	1,592766
4,995033	28,71461	1,553434
2,048084	35,83934	2,204775
6,859851	25,90012	2,811534
1,947916	48,25745	3,443293
3,807226	29,85303	1,305237
3,339	29,76186	2,240485
4,378238	28,74348	1,474985
2,107889	47,1623	2,820147
6,361915	20,418	0,9679056
1,74744	44,35306	3,840481
1,507322	49,38571	3,643597
1,434368	52,93469	4,860776
4,261136	29,79775	1,803629
5,130135	28,48128	1,223146
5,030875	28,58329	1,623426
5,449934	26,69156	1,721241
0,6613978	49,87279	1,505262
4,579635	26,84836	0,9590372
0,6672407	47,40521	4,278479
6,308957	20,23604	0,967656
7,454051	25,40052	3,284136
1,257187	46,95739	4,657352
1,393715	52,53037	5,427533
4,912121	26,90592	1,121536
4,741142	27,09159	0,9580337
6,043265	26,19716	2,243325
0,3552637	49,16977	4,001691
0,7097919	47,81562	1,553991
0,7951269	47,83185	4,799067
4,230859	29,73165	0,8134536
2,671689	35,71539	2,135105
4,696917	28,9162	0,9765517
1,239213	50,03084	3,449742
0,9996897	48,71288	1,58638
5,033119	28,476	1,532094
2,102311	35,58336	2,135105
6,726534	25,80665	2,749497
2,024404	47,85555	3,391076
3,848159	29,63421	1,306871
3,407283	29,56128	2,170999
4,432449	28,50632	1,457771
2,166563	46,81306	2,782477
6,372756	20,32238	0,967656
1,770151	44,04326	3,789073
1,58602	48,96568	3,59917
1,502029	52,53037	4,799067
4,279568	29,56845	1,772828
5,153337	28,24258	1,205893
5,068437	28,34651	1,608141
5,391416	26,57769	1,696534
0,7125363	49,4607	1,484902
4,58882	26,72755	0,9580337
0,6574861	47,00838	4,230213
6,313516	20,13459	0,9674025
7,291074	25,32158	3,208854
1,330312	46,58049	4,613107
1,411278	52,12711	5,403198
4,898515	26,79033	1,113594
4,751277	26,97752	0,9570672
5,953084	26,09502	2,203971
0,3571219	48,76661	3,980563
0,7343633	47,41471	1,532196
0,7941976	47,48897	4,734869
4,235972	29,50854	0,7916924
2,687091	35,44641	2,067338
4,749441	28,66784	0,9735844
1,313695	49,59703	3,399667
1,00119	48,29539	1,579702
5,070705	28,23949	1,511959
2,155612	35,33075	2,067338
6,552555	25,71566	2,693494
2,100404	47,45604	3,337894
3,891408	29,41852	1,309961
3,474202	29,36339	2,104245
4,486248	28,27125	1,441718
2,225119	46,46695	2,744732
6,382568	20,23038	0,9674025
1,793723	43,73682	3,737258
1,664581	48,54775	3,553549
1,570177	52,12711	4,734869
4,297861	29,34244	1,743747
5,176558	28,00601	1,189876
5,105671	28,11174	1,593344
5,335853	26,46731	1,674342
0,7536492	49,05074	1,463532
4,596854	26,61043	0,9570672
0,6477532	46,61443	4,180053
6,316995	20,03679	0,967145
7,128304	25,24446	3,138291
1,404233	46,20617	4,567349
1,430113	51,72498	5,378306
4,885157	26,67849	1,106585
4,760262	26,86723	0,9561354
5,866245	25,99598	2,168012
0,3719922	48,36543	3,959246
0,762515	47,01629	1,510106
0,7932019	47,14965	4,668256
4,240665	29,289	0,7719035
2,702148	35,18161	2,001552
4,801184	28,42204	0,9712365
1,388527	49,16486	3,348069
1,005678	47,88046	1,572731
5,10783	28,00505	1,492993
2,207951	35,08152	2,001552
6,388191	25,62729	2,643302
2,175767	47,05895	3,283826
3,936896	29,20598	1,314363
3,539685	29,16824	2,040192
4,539599	28,03826	1,426739
2,28347	46,12397	2,706948
6,391334	20,14207	0,967145
1,81817	43,43372	3,68512
1,742843	48,13196	3,506798
1,638567	51,72498	4,668256
4,316005	29,11979	1,716351
5,199817	27,77156	1,175053
5,142585	27,87897	1,579012
5,283391	26,36047	1,654532
0,8069979	48,64297	1,441168
4,603724	26,49703	0,9561354
0,6382071	46,22338	4,128055
6,31938	19,94274	0,9668832
6,967639	25,16956	3,072778
1,478927	45,83462	4,520273
1,450183	51,32405	5,352834
4,871963	26,57045	1,100453
4,768084	26,76076	0,9552365
5,783127	25,90016	2,135353
0,388698	47,96666	3,936833
0,7941471	46,62037	1,487773
0,7921768	46,8139	4,599308
4,244911	29,07308	0,7540771
2,716895	34,92099	1,937814
4,852148	28,17877	0,9694152
1,463497	48,73438	3,295031
1,013284	47,46812	1,565469
5,14453	27,7727	1,475164
2,259296	34,8357	1,937814
6,270823	25,54168	2,596932
2,25049	46,66452	3,229056
3,984403	28,99661	1,319915
3,603662	28,97587	1,978801
4,592474	27,80734	1,412753
2,341538	45,78416	2,669177
6,39904	20,05755	0,9668832
1,843511	43,13397	3,632741
1,820654	47,71835	3,458986
1,706972	51,32405	4,599308
4,333983	28,90053	1,690591
5,223127	27,53921	1,16138
5,179181	27,6482	1,565124
5,234135	26,25723	1,636967
0,8615367	48,23726	1,418121
4,609413	26,3874	0,9552365
0,6290482	45,83523	4,074281
6,320657	19,85253	0,9666147
6,8111	25,09704	3,012226
1,5543	45,46585	4,47192
1,471444	50,92439	5,32676
4,858853	26,46623	1,095142
4,774721	26,65815	0,9543683
5,704096	25,80765	2,105883
0,4072576	47,57035	3,913328
0,829125	46,22698	1,465242
0,7911748	46,4817	4,528114
4,248679	28,86084	0,7381964
2,73137	34,66455	1,876191
4,902338	27,93802	0,9680378
1,538418	48,30568	3,240638
1,024101	47,05843	1,557924
5,18084	27,54242	1,458429
2,309612	34,59331	1,876191
6,15654	25,45896	2,554298
2,324508	46,2728	3,173661
4,033594	28,79044	1,326433
3,666073	28,78631	1,920033
4,644838	27,57847	1,399685
2,399252	45,44754	2,631456
6,405658	19,97692	0,9666147
1,869757	42,83754	3,580201
1,897882	47,30698	3,410182
1,775187	50,92439	4,528114
4,351762	28,68472	1,66641
5,246506	27,30896	1,148812
5,215471	27,41942	1,551658
5,188121	26,15764	1,621507
0,9171511	47,83368	1,394424
4,613908	26,28157	0,9543683
0,6205137	45,45	4,018801
6,320813	19,76626	0,9663392
6,659135	25,02707	2,956539
1,63026	45,09989	4,422335
1,493845	50,52607	5,300068
4,845747	26,36588	1,090602
4,780162	26,55943	0,953527
5,629467	25,71854	2,079478
0,4276745	47,17653	3,888738
0,8672895	45,83611	1,442566
0,7902629	46,15302	4,454772
4,25196	28,65931	0,7283252
2,745604	34,4123	1,816746
4,951766	27,69979	0,9670327
1,613121	47,87881	3,184986
1,038175	46,65142	1,5501
5,216788	27,3142	1,442751
2,358867	34,35439	1,816746
6,045612	25,37927	2,515301
2,397767	45,88384	3,117717
4,084053	28,59453	1,339517
3,726853	28,62115	1,868858
4,696668	27,35163	1,387467
2,456547	45,11414	2,59383
6,411174	19,90026	0,9663392
1,896919	42,54443	3,527586
1,974402	46,89787	3,360466
1,843019	50,52607	4,454772
5,359058	29,92639	1,556416
5,269967	27,08079	1,137307
5,251465	27,19262	1,538592
5,145337	26,06177	1,608012
0,9737318	47,43226	1,370113
4,617194	26,17958	0,953527
0,6128839	45,06767	3,961685
6,319832	19,68402	0,9660552
6,512267	24,95979	2,905606
1,706715	44,73672	4,371568
1,517324	50,12917	5,272738
4,832558	26,26944	1,086782
4,784389	26,46464	0,9527088
5,5595	25,63295	2,056003
0,4499405	46,78524	3,86307
0,9084654	45,44777	1,419797
0,7895272	45,82785	4,379387
4,269833	28,46847	0,724888
2,759635	34,16424	1,759531
5,000441	27,46406	0,9663365
1,687452	47,45384	3,128171
1,05551	46,24715	1,542002
5,252411	27,08805	1,428084
2,407022	34,11896	1,759531
5,938312	25,30275	2,479832
2,470217	45,49766	3,061294
4,143027	28,40895	1,358753
3,812114	28,4791	1,82514
4,74793	27,12683	1,376033
2,513365	44,78397	2,556335
6,415565	19,82769	0,9660552
1,925008	42,25461	3,474975
2,050102	46,49106	3,309906
1,910299	50,12917	4,379387
5,335525	29,70851	1,495582
5,293523	26,8547	1,126818
5,28717	26,96781	1,525907
5,10571	25,96967	1,596342
1,031178	47,03307	1,345227
4,619254	26,08147	0,9527088
0,6064773	44,68827	3,903016
6,317703	19,60594	0,9657606
6,371082	24,89537	2,859306
2,850646	38,8311	5,998313
1,779374	44,37625	4,320383
1,541819	49,73379	5,244752
4,819213	26,17694	1,083637
4,787385	26,37382	0,9519136
5,494358	25,55096	2,03531
0,474039	46,39651	3,836338
0,9524715	45,06196	1,396983
0,7890707	45,50617	4,302069
4,289002	28,28133	0,7236172
2,773491	33,92036	1,704596
5,048377	27,23081	0,9658955
1,761279	47,03085	3,070297
1,076069	45,84565	1,533639
1,853584	35,37551	5,998313
5,287731	26,86395	1,414387
2,454052	33,88705	1,704596
5,834917	25,22954	2,447765
2,526938	45,11442	3,005062
4,202705	28,22668	1,378013
3,893327	28,33831	1,783802
4,798605	26,90404	1,365324
2,569649	44,45707	2,519009
6,418815	19,75929	0,9657606
1,954029	41,96808	3,422454
2,124885	46,08659	3,258585
1,976871	49,73379	4,302069
5,313213	29,49491	1,437581
5,31719	26,63068	1,117302
5,322598	26,74497	1,513582
5,069127	25,88138	1,586364
1,089397	46,63625	1,320068
4,620079	25,98728	0,9519136
0,6016543	44,31177	3,842877
6,314409	19,53209	0,9654544
6,236221	24,83398	2,817497
4,801697	38,44724	5,76569
1,856453	44,01849	4,268862
1,567257	49,33998	5,2161
4,80563	26,08843	1,081122
4,789134	26,28701	0,9511359
5,434108	25,47267	2,017244
0,4999451	46,01037	3,808559
0,999122	44,67868	1,374189
0,789017	45,18794	4,222936
4,308914	28,09792	0,7241967
2,787206	33,68066	1,651985
5,095588	27,00005	0,9656633
1,809018	46,61014	3,012232
1,099781	45,44695	1,52502
2,605435	35,13391	5,76569
5,322775	26,64192	1,401613
2,49992	33,65869	1,651985
5,735672	25,15977	2,418959
2,597625	44,73415	2,949108
4,262469	28,04775	1,397035
3,970547	28,19888	1,74478
4,848664	26,68326	1,355283
2,625355	44,13342	2,481884
6,420899	19,69519	0,9654544
1,983985	41,68483	3,370102
2,198657	45,68448	3,206565
2,042593	49,33998	4,222936
5,292019	29,28561	1,382393
5,340982	26,40873	1,108716
5,35776	26,52411	1,501598
5,035421	25,79698	1,577946
1,148361	46,24185	1,294689
4,61965	25,89706	0,9511359
0,5954384	43,938	3,782012
6,309944	19,46262	0,9651361
0,9835514	45,4735	1,513507
6,108332	24,77576	2,78002
4,780662	38,06792	5,537999
1,933763	43,66354	4,216361
1,59356	48,94786	5,186764
4,791731	26,00394	1,079196
4,789623	26,20424	0,9503813
5,3787	25,39819	2,001641
0,5276312	45,62685	3,779748
1,048299	44,29792	1,351462
0,7895085	44,87313	4,142114
4,329214	27,91828	0,7263717
2,80081	33,44515	1,601735
5,142088	26,77176	0,9656006
1,880883	46,19179	2,954112
1,126539	45,05178	1,513507
2,600253	34,89345	5,537999
5,357563	26,42195	1,389719
2,544595	33,43393	1,601735
5,640791	25,09359	2,393256
2,667387	44,35678	2,89291
4,321743	27,87218	1,415597
4,043836	30,74664	3,434662
4,89809	26,46448	1,345859
2,680437	43,81306	2,444992
6,421801	19,63548	0,9651361
2,014874	41,40483	3,318003
2,271204	45,28477	3,153931
2,107343	48,94786	4,142114
5,271864	29,08062	1,329979
5,364913	26,18884	1,101014
5,392664	26,30523	1,489936
5,0044	25,71651	1,570963
1,207933	45,84982	1,268876
4,617954	25,81083	0,9503813
0,5965055	43,56693	3,720542
6,304288	19,39761	0,9648052
1,023807	45,07642	1,498993
5,988073	24,72087	2,746698
4,759305	37,69319	5,3154
2,01123	43,31137	4,16294
1,620651	48,5575	5,156731
4,777447	25,92351	1,07782
4,788835	26,12556	0,9496423
5,327978	25,32759	1,988335
0,5570665	45,24598	3,74993
1,099763	43,9197	1,328835
0,7907076	44,56171	4,05973
4,369855	27,77228	0,7517447
1,830453	30,56941	3,33271
5,187891	26,54592	0,9656732
1,951893	45,77564	2,895298
1,154457	44,66024	1,498993
2,596785	34,65413	5,3154
2,932847	41,78823	5,994339
5,392115	26,20403	1,378658
2,588042	33,18229	1,548606
5,550422	25,03111	2,370484
2,736197	43,98233	2,836541
4,419342	27,72986	1,453574
6,067053	30,56941	3,355561
4,946864	26,2477	1,337004
2,734855	43,49599	2,408362
6,421498	19,58029	0,9648052
2,046689	41,12807	3,266238
2,342587	44,8875	3,100786
2,171006	48,5575	4,05973
5,860931	30,38371	2,447855
5,388991	25,971	1,094156
5,427324	26,08832	1,47858
4,975835	25,64003	1,565297
1,268034	45,46021	1,242673
4,614977	25,72865	0,9496423
0,6005843	43,19875	3,657929
6,297436	19,3372	0,964461
1,067365	44,68221	1,484116
5,876057	24,66947	2,717331
4,737813	37,32314	5,098035
2,08877	42,96173	4,108537
1,648444	48,16899	5,125987
4,7627	25,84719	1,076958
4,786752	26,051	0,948921
5,281677	25,26097	1,977157
0,5882183	44,86778	3,719127
1,153344	43,54403	1,306363
0,7927939	44,25364	3,975919
4,44828	27,63688	0,7827253
1,840084	30,40515	3,200544
5,233009	26,32253	0,9658532
2,02196	45,36176	2,835907
1,185103	44,27165	1,484116
2,595376	34,41592	5,098035
5,757517	41,44727	5,856799
5,426443	25,98817	1,368386
2,606211	32,90544	1,49483
5,464645	24,97248	2,350455
2,778164	43,61082	2,780507
4,544288	27,59745	1,491967
6,047193	30,40515	3,286527
4,994969	26,03292	1,328674
2,788575	43,18222	2,372021
6,419971	19,52972	0,964461
2,079422	40,85454	3,214882
2,41274	44,49272	3,047214
2,233484	48,16899	3,975919
6,030867	30,18369	2,348357
5,413231	25,75523	1,088099
5,46175	25,87339	1,467511
4,949485	25,56759	1,560836
1,328594	45,07307	1,216129
4,610707	25,65055	0,948921
0,6080804	42,83342	3,594278
6,289375	19,2815	0,9641022
1,113851	44,2909	1,468921
5,772829	24,6217	2,691699
4,716366	36,95783	4,886025
2,166165	42,61459	4,05321
1,676858	47,78341	5,09423
4,747425	25,77502	1,076575
4,783361	25,98061	0,9482138
5,239442	25,1984	1,967941
0,6210524	44,49226	3,687365
1,208877	44,20071	1,265304
0,7959789	43,9478	3,892884
4,525594	27,50466	0,8130536
1,854926	30,24276	3,073569
5,277453	26,10159	0,9661173
2,091014	44,94819	2,774057
1,218335	43,88602	1,468921
2,596336	34,17883	4,886025
5,772204	41,10919	5,721483
5,460559	25,77438	1,358859
2,626035	32,63441	1,446235
5,383458	24,9178	2,33297
2,844671	43,2423	2,72488
4,652214	27,4678	1,526929
6,026921	30,24276	3,217673
5,042391	25,82012	1,320826
2,841486	42,87121	2,335481
6,417202	19,48389	0,9641022
2,113058	40,58422	3,164014
2,481614	44,09909	2,991965
2,26956	47,78341	3,892884
5,974163	29,98818	2,253287
5,437643	25,5415	1,082807
5,495951	25,66045	1,456713
4,925084	25,49924	1,557477
1,389541	44,68842	1,189292
4,605129	25,57657	0,9482138
0,6214756	42,47093	3,525702
6,280097	19,23063	0,9637294
1,162913	43,90253	1,453449
5,678841	24,57769	2,669567
4,695133	36,5973	4,679473
2,243486	42,27022	3,997148
1,705812	47,39991	5,061726
4,731553	25,70704	1,076638
4,778647	25,91442	0,9475244
5,200832	25,13998	1,960526
0,6555366	44,11946	3,654673
1,461461	43,8104	1,252136
0,8015825	43,6452	3,808759
4,600332	27,3755	0,8422737
1,873235	30,08233	2,95161
5,321237	25,88307	0,9664454
2,158919	44,54089	2,714988
1,254001	43,5034	1,453449
2,599941	33,94284	4,679473
5,786089	40,77393	5,588362
5,494471	25,56266	1,350031
2,647369	32,36916	1,402636
5,306777	24,86719	2,317822
2,910156	42,87676	2,669293
4,746798	27,34096	1,558783
6,00536	30,08233	3,149141
5,08912	25,60932	1,313422
2,893551	42,5635	2,299276
6,413169	19,44293	0,9637294
2,147578	40,31708	3,113708
2,549302	43,71059	2,939065
2,328768	47,39991	3,808759
5,919021	29,79704	2,162388
5,462232	25,32983	1,078238
5,529933	25,4495	1,446172
4,902371	25,43503	1,555123
1,450815	44,30632	1,162213
4,598229	25,50676	0,9475244
0,6217455	42,11386	3,453598
6,269592	19,18472	0,9633399
1,214225	43,51714	1,43775
5,594412	24,53759	2,650681
4,674272	36,24161	4,478467
2,320663	41,92862	3,940419
1,735218	47,01858	5,028462
4,715022	25,64328	1,077119
4,772598	25,85248	0,9468493
5,165357	25,08578	1,954755
0,6916372	43,74937	3,62108
1,521722	43,42249	1,238767
0,8088379	43,34578	3,723698
4,671553	27,2493	0,8700858
1,894757	29,17281	3,861375
5,364368	25,66697	0,9668221
2,226216	44,136	2,655603
1,291945	43,12378	1,43775
2,606421	33,70797	4,478467
5,799221	40,44146	5,457444
5,528183	25,353	1,341862
2,669988	32,10965	1,363818
5,234438	24,82075	2,304794
2,974608	42,51424	2,61382
4,83094	27,21695	1,587789
5,982609	30,64074	4,025763
5,135144	25,40051	1,306426
2,944825	42,25909	2,263425
6,407856	19,40694	0,9633399
2,182957	40,05311	3,064036
2,61619	43,32462	2,885938
2,38652	47,01858	3,723698
5,865333	29,61021	2,075443
5,487007	25,12022	1,074358
5,563704	25,24054	1,435871
4,881074	25,37502	1,553684
1,512355	43,9268	1,134941
4,589996	25,44116	0,9468493
0,6251389	41,7596	3,380736
6,257852	19,14389	0,9629343
1,267489	43,13475	1,421872
5,51972	24,5015	2,634774
4,653926	35,89079	4,283072
2,39763	41,58977	3,883091
1,764987	46,63953	4,994428
4,697771	25,58378	1,077987
4,765197	25,79482	0,946187
5,132488	25,03587	1,950479
0,729322	43,38203	3,586619
1,582458	43,03699	1,225232
0,8179739	43,04952	3,637851
4,743109	27,13269	0,900995
1,932892	29,03917	3,692707
5,406857	25,45329	0,9672337
2,292314	43,73358	2,596018
1,332009	42,74717	1,421872
2,615961	33,47422	4,283072
5,811641	40,11173	5,328701
5,561695	25,14542	1,33431
2,691574	31,83664	1,318011
5,166212	24,77859	2,293675
3,038022	42,15475	2,558518
4,914546	27,10251	1,622813
6,516842	30,44649	3,884799
5,180458	25,19368	1,299804
2,995281	41,95797	2,227944
6,401243	19,37607	0,9629343
2,219169	39,7923	3,015067
2,681708	42,9412	2,832664
2,442758	46,63953	3,637851
5,81083	29,42833	1,993009
5,511972	24,91266	1,071131
5,597276	25,03358	1,425797
4,86092	25,31925	1,553079
1,574105	43,54991	1,107526
4,580416	25,37981	0,946187
0,6321442	41,40809	3,307256
6,244874	19,10826	0,962512
1,322435	42,75539	1,405859
5,454752	24,46955	2,621569
4,634227	35,54486	4,093339
2,474326	41,25367	3,825232
1,795035	46,26287	4,959615
4,679736	25,52859	1,079217
4,756429	25,74148	0,9455355
5,101673	24,99033	1,947557
0,7685565	43,01744	3,551325
1,643543	42,65395	1,211577
0,8292157	42,75635	3,551367
4,814483	27,01862	0,9299454
1,92734	28,90719	3,530641
5,44871	25,24202	0,9676703
2,357167	43,33368	2,536341
1,374034	42,37361	1,405859
2,628695	33,24159	4,093339
5,823379	39,78469	5,202105
5,595008	24,93993	1,327335
2,713027	31,56991	1,279525
5,10181	24,74079	2,284247
3,100396	41,7983	2,503454
4,995638	26,99052	1,654237
6,442245	30,2557	3,748457
5,225054	24,98885	1,293526
3,0449	41,66014	2,192852
6,393311	19,35042	0,962512
2,25618	39,53462	2,966867
2,745834	42,56036	2,779313
2,497433	46,26287	3,551367
5,755173	29,2505	1,914213
5,537133	24,70716	1,068524
5,630647	24,82863	1,415936
4,841644	25,26777	1,55323
1,636017	43,17568	1,080019
4,569478	25,32275	0,9455355
0,643208	40,40141	3,891452
6,23065	19,07798	0,9620715
1,378819	42,37909	1,389765
5,39932	24,44184	2,61078
4,615294	35,20384	3,909307
2,550694	40,92029	3,766912
1,825281	45,88868	4,924015
4,660867	25,47776	1,080784
4,746282	25,6925	0,9448991
5,072376	24,94921	1,945861
0,8093085	42,6556	3,515232
1,703901	42,27101	1,197722
0,8427798	42,46623	3,464403
4,880657	26,90706	0,9567811
1,929115	28,77698	3,374892
5,489934	25,03315	0,9681236
2,419869	42,93397	2,47438
1,417864	42,00309	1,389765
2,644705	33,01011	3,909307
5,834462	39,46026	5,077613
5,628115	24,73652	1,320899
2,735961	31,3094	1,247823
5,040897	24,70744	2,276302
3,161728	41,4449	2,448691
5,067202	26,88101	1,682376
6,369843	30,06841	3,616656
5,268926	24,78602	1,287562
3,093665	41,36562	2,158162
6,384048	19,33012	0,9620715
2,293953	39,28006	2,919498
2,807991	42,18053	2,724406
2,550504	45,88868	3,464403
5,700365	29,07668	1,838927
5,562488	24,50373	1,066507
5,663823	24,6257	1,406277
4,822984	25,22064	1,554068
1,69804	42,80415	1,05247
4,557173	25,27002	0,9448991
0,6590596	40,06903	3,797549
6,215177	19,05316	0,9616137
1,436424	42,00587	1,373637
5,31434	24,41845	2,603024
4,568771	34,86863	3,733965
2,626677	40,58964	3,7082
1,855644	45,51708	4,887615
4,641109	25,4313	1,082665
4,734743	25,64792	0,944274
5,044062	24,91258	1,945265
0,851545	42,29654	3,478381
1,764261	41,8905	1,183853
0,8588656	42,17911	3,377114
4,941353	27,95426	2,155171
1,938137	28,64865	3,225196
5,530534	24,82668	0,9685878
2,481192	42,53682	2,412542
1,463353	41,63562	1,373637
2,650072	32,77899	3,733965
5,84491	39,13838	4,955184
5,661012	24,53522	1,314966
2,75942	31,05506	1,222288
4,983125	24,67861	2,269639
3,222023	41,09456	2,394287
5,130841	26,77402	1,70749
6,299571	29,88471	3,489322
5,312075	24,58519	1,281886
3,141561	41,07438	2,123888
6,373435	19,3153	0,9616137
2,332446	39,0286	2,873018
2,868674	41,80323	2,669534
2,601942	45,51708	3,377114
5,646345	28,90688	1,767051
5,588037	24,30237	1,065049
5,696803	24,4248	1,396804
4,804681	25,17789	1,555527
1,760132	42,43537	1,024928
4,543485	25,22166	0,944274
0,6799634	39,73919	3,703468
6,198454	19,03394	0,9611377
1,495057	41,63576	1,357524
5,28366	24,39949	2,597733
4,550691	34,53839	3,56452
2,702222	40,26168	3,649167
1,886047	45,14817	4,85041
4,620413	25,38927	1,084838
4,721797	25,12742	1,0218
5,016224	24,88051	1,945661
0,895234	41,94025	3,440809
1,824512	41,51245	1,170026
0,87765	41,89494	3,289652
6,406624	28,40091	2,792053
1,778429	27,82643	3,730472
5,570517	24,6226	0,9690573
2,541114	42,14227	2,350947
1,510353	41,27121	1,357524
2,672956	32,54901	3,56452
6,174969	39,41185	5,357382
5,693687	24,33603	1,3095
2,782488	30,79764	1,203957
4,928115	24,65436	2,264065
3,281284	40,7473	2,340297
5,185535	26,68518	1,7456
6,231356	29,7016	3,363568
5,354496	24,38636	1,276473
3,18857	40,78642	2,090033
6,361455	19,30609	0,9611377
2,371613	38,78024	2,827481
2,927879	41,4285	2,614781
2,651722	45,14817	3,289652
5,593063	28,73879	1,696297
5,613773	24,10309	1,064123
5,729589	24,22593	1,387509
4,786494	25,13958	1,557547
1,82225	42,06935	0,9974418
4,528407	25,17771	0,9436588
0,7061269	39,41185	3,609376
6,180482	19,02045	0,9606442
1,554542	41,26877	1,34147
5,257863	24,38482	2,595675
4,533497	34,21313	3,400979
2,77728	39,93642	3,58988
1,916418	44,78205	4,81239
4,599357	25,34927	1,087139
4,712237	25,09642	1,02994
4,987672	24,85284	1,95016
0,9403411	41,58676	3,402559
1,884557	41,13688	1,156294
0,8992839	41,61366	3,202172
6,343509	28,24902	2,699564
1,786196	27,71497	3,55742
5,609882	24,42092	0,9695301
2,599621	41,75037	2,289719
1,558729	40,90986	1,34147
2,699106	32,32018	3,400979
6,172282	39,08693	5,220616
5,726133	24,13896	1,304468
2,797254	30,53756	1,193489
4,874885	24,63456	2,261678
3,339521	40,40311	2,286777
5,231714	26,60086	1,78315
6,160384	29,51916	3,239525
5,396188	24,18956	1,2713
3,234682	40,50173	2,056613
6,348103	19,30261	0,9606442
2,411407	38,53494	2,782937
2,985601	41,05635	2,560215
2,699828	44,78205	3,202172
5,537059	28,57243	1,62669
5,639693	23,90589	1,063705
5,762176	24,02912	1,378379
5,127859	25,10411	1,5482
1,884357	41,70612	0,9700586
4,508768	25,13357	0,9484494
0,7376412	39,08693	3,515445
6,161258	19,01281	0,960133
1,614725	40,90492	1,325523
5,239444	24,37449	2,594445
4,517233	33,89286	3,243348
2,851801	39,61383	3,530409
1,946688	44,41883	4,773549
4,576771	25,31373	1,089648
4,70073	25,06982	1,037343
4,979206	24,82931	1,953509
0,9868309	41,23604	3,363672
1,944302	40,76546	1,144146
0,9238839	41,33524	3,114833
6,277764	28,10058	2,610351
1,812152	27,60508	3,391726
5,648634	24,22164	0,970003
2,656705	41,36279	2,229971
1,608345	40,55159	1,325523
2,728426	32,09253	3,243348
6,169316	38,76438	5,086268
5,758332	23,94403	1,299841
2,809154	30,285	1,188466
4,831146	24,61917	2,259551
3,396743	40,06199	2,233781
5,275429	26,51751	1,815541
6,09147	29,34052	3,119945
5,437152	23,99477	1,266345
3,279884	40,22032	2,023628
6,333362	19,30498	0,960133
2,451774	38,29271	2,739432
3,041838	40,68787	2,507042
2,746254	44,41883	3,114833
5,444154	28,41028	1,561297
5,665791	23,71079	1,063767
5,794564	23,83438	1,369403
5,035232	25,07313	1,541579
1,946421	41,34574	0,9428253
4,488331	25,09405	0,9521348
0,9670901	39,34543	2,891751
6,140789	19,01116	0,959603
1,675467	40,54423	1,309729
5,224836	24,3686	2,593805
4,501946	33,57758	3,091616
2,925741	39,29391	3,470823
1,97679	44,05859	4,73388
4,552772	25,28268	1,092367
4,687335	25,0477	1,044144
4,962319	24,81004	1,956218
1,03467	40,88813	3,324188
2,006161	40,39826	1,133636
0,9515353	41,05962	3,02778
6,209734	27,95568	2,524442
1,843135	27,49681	3,233347
5,686777	24,02474	0,9704753
2,713861	40,97963	2,171798
1,659081	40,19639	1,309729
2,76078	31,86609	3,091616
6,166088	38,44386	4,954001
5,790277	23,75126	1,295587
4,789895	24,60825	2,257505
3,452964	39,72396	2,181358
5,315756	26,43517	1,843017
6,024996	29,16575	3,004748
5,477388	23,80201	1,261589
3,324164	39,94217	1,991081
6,317221	19,31333	0,959603
2,49266	38,05351	2,697006
3,06553	40,32313	2,456014
2,790994	44,05859	3,02778
5,387737	28,25241	1,50012
5,692051	23,51779	1,064291
5,826738	23,64171	1,360573
4,955952	25,04669	1,537164
2,008405	40,98821	0,915787
4,466977	25,05917	0,9549189
1,014822	39,01727	2,811114
6,119075	19,01562	0,9590561
1,736641	40,18672	1,294134
5,212433	24,36729	2,596453
4,487658	33,26725	2,945769
2,999058	38,97663	3,411188
2,006666	43,71101	4,679618
4,527446	25,25359	1,095057
4,476541	25,03008	1,0541
4,939409	24,79385	1,95874
1,083821	40,543	3,284153
2,067817	40,03367	1,123375
1,122063	44,96044	4,679618
6,14124	27,8159	2,442725
1,888497	26,96262	3,651017
5,724308	23,83025	0,9709466
2,769697	40,59933	2,114303
1,710814	39,84426	1,294134
2,796008	31,64086	2,945769
6,16227	38,12531	4,823783
5,821949	23,56065	1,29168
5,317837	24,6008	2,238084
3,508194	39,389	2,129555
5,352746	27,19832	2,864382
5,96133	28,99734	2,893046
5,516899	23,6113	1,257014
3,367513	39,66727	1,958976
6,299673	19,32778	0,9590561
2,534006	37,81736	2,655702
3,119346	39,96106	2,406085
2,83405	43,71101	2,952207
5,291042	28,10081	1,44558
5,718464	23,32691	1,065253
5,858699	23,45115	1,351878
4,886184	24,72085	0,9535142
2,070282	40,63357	0,8889862
4,444617	25,02384	0,9626652
1,066389	38,69143	2,731141
6,096128	19,02632	0,9584922
1,79814	39,83239	1,278777
5,232715	24,37	2,597734
4,474382	32,9619	2,80578
3,071716	38,66199	3,35157
2,031762	43,39376	4,583447
4,500895	25,22902	1,09789
4,455925	25,0169	1,062823
4,927746	24,78242	1,962893
1,134248	40,20069	3,243613
2,129214	39,67171	1,11341
1,670088	44,63009	4,583447
6,071777	27,6852	2,370072
1,92549	26,86565	3,481155
5,761231	23,63816	0,9714173
2,824221	40,22192	2,057593
1,763435	39,49522	1,278777
2,833921	31,41689	2,80578
6,158234	37,809	4,69588
5,853331	23,37223	1,288093
5,122355	24,59818	2,22432
3,562448	39,05713	2,078418
6,627493	27,73393	3,381964
5,866719	28,82916	2,781463
5,555686	23,42263	1,252602
3,409932	39,39576	1,92741
6,280712	19,34844	0,9584922
2,575752	37,58422	2,615549
3,171728	39,60167	2,356685
2,883669	43,39376	2,908705
5,238503	27,96038	1,401406
5,745016	23,13815	1,066637
5,890437	23,2627	1,343309
4,773272	24,71463	0,9438357
2,132026	40,28185	0,8624654
4,418177	24,99331	0,9686596
6,071955	19,04337	0,9579107
1,85986	39,48126	1,263698
5,236865	24,37652	2,596941
4,462121	32,66148	2,671619
3,143672	38,34996	3,292035
2,054895	43,08013	4,486362
4,472789	25,20902	1,100881
4,43402	24,64193	1,668777
4,905605	24,77511	1,965764
1,18591	39,86116	3,202613
2,194903	39,32785	1,104023
1,731051	44,30261	4,486362
6,000907	27,55977	2,301978
1,974128	26,77255	3,31724
5,797544	23,44847	0,9718875
2,881353	39,86296	2,016793
1,816838	39,14925	1,263698
2,874315	31,1942	2,671619
6,153983	37,49495	4,570315
5,884413	23,18601	1,284803
4,962174	24,59991	2,212748
3,615742	38,72833	2,027994
6,557731	27,60712	3,292356
5,764178	28,66586	2,677333
5,593749	23,23604	1,248338
3,451476	39,12779	1,896462
6,260329	19,37544	0,9579107
2,617833	37,3541	2,576572
3,225208	39,25531	2,317979
2,934747	43,08013	2,86592
5,193239	27,82604	1,361919
5,77169	22,95154	1,068424
5,921936	23,07638	1,334857
4,680332	24,71318	0,9377252
2,193612	39,93307	0,8362632
4,391105	24,96759	0,9732149
6,046564	19,06691	0,9573133
1,921714	39,13334	1,248933
5,229417	24,38429	2,589824
4,450862	32,366	2,54325
3,214895	38,04054	3,232646
2,077611	42,77014	4,388502
4,091247	24,76366	0,2362965
3,999302	24,53191	1,768578
4,874842	24,76774	1,960714
1,238769	39,52444	3,161196
2,265142	38,98668	1,094928
1,791119	43,97806	4,388502
5,93011	27,43775	2,236478
2,029282	26,68154	3,160167
5,833247	23,26121	0,9723594
2,941362	39,50699	1,976623
1,87092	38,80635	1,248933
2,916975	30,97281	2,54325
6,149647	37,18329	4,44724
5,915174	23,00202	1,281786
4,823686	24,35561	1,708346
3,668092	38,4026	1,978319
6,488723	27,48372	3,205611
5,700883	28,50736	2,577888
5,631091	23,05152	1,244208
3,49215	38,86337	1,866131
6,238527	19,40889	0,9573133
2,66019	37,12698	2,538787
3,27997	38,91179	2,27983
2,98481	42,77014	2,823884
5,14793	27,69546	1,32478
5,79847	22,76709	1,070597
5,953191	22,89222	1,326514
4,598337	24,71221	0,9269688
2,255018	39,58726	0,8104178
4,364927	24,93388	0,9709396
6,019968	19,09703	0,9566999
1,983618	38,78863	1,234516
5,226531	24,39426	2,579082
4,440589	32,07542	2,420633
3,285355	37,73371	3,173467
2,099924	41,09443	5,008191
3,729568	24,17502	0,8567482
3,979403	24,28335	2,261726
4,831019	24,76192	1,950259
1,292783	39,19051	3,119413
2,335359	38,64818	1,086145
1,850246	43,65649	4,290001
5,859689	27,31924	2,17359
2,089467	26,59271	3,009955
5,868339	23,07636	0,9728336
3,000454	39,15403	1,937127
1,925589	38,46652	1,234516
2,961678	30,75276	2,420633
6,109159	37,38933	4,875218
5,945599	22,82027	1,279021
4,638269	24,37341	1,682952
3,719516	38,07993	1,92943
6,420713	27,3638	3,12168
5,638859	28,35375	2,483031
5,667714	22,86909	1,240198
3,531955	38,60249	1,836396
6,215302	19,44889	0,9566999
2,702757	36,90285	2,50221
3,333582	38,57108	2,242275
3,033855	43,01081	4,133543
5,102401	27,56872	1,290018
5,825337	22,58481	1,073143
5,984187	22,71024	1,318273
4,47728	24,71341	0,9151363
2,316222	39,24442	0,7849637
4,337012	24,90453	0,9702346
